time,0.05,0.060000000000000005,0.07,0.08000000000000002,0.09000000000000001,0.1,0.11000000000000001,0.12000000000000001,0.13,0.14,0.15000000000000002,0.16000000000000003,0.17000000000000004,0.18000000000000005,0.19,0.2,0.21000000000000002,0.22000000000000003,0.23000000000000004,0.24000000000000005,0.25000000000000006,0.26000000000000006,0.27,0.28,0.29000000000000004,0.30000000000000004,0.31000000000000005,0.32000000000000006,0.33,0.34,0.35000000000000003,0.36000000000000004,0.37000000000000005,0.38000000000000006,0.39000000000000007,0.4000000000000001,0.4100000000000001,0.42000000000000004,0.43000000000000005,0.44000000000000006,0.45000000000000007,0.4600000000000001,0.4700000000000001,0.4800000000000001,0.49000000000000005,0.5000000000000001
0.0,12.692576159779083,12.855548951434525,13.493485886398895,0.0,18.218279810010728,18.467024760404097,21.847533537513502,38.242573113169435,0.0,104.79300965819311,413.99380210311904,902.7014532264434,1082.1974437604536,0.0,523.7720574741671,84.804228778827,560.9708989967069,955.0593464084689,0.0,1145.0593261562913,735.3812838562428,609.8438131376772,2940.879907543358,0.0,5796.878730871338,7796.90325852494,7852.4319226784955,4846.320570096597,0.0,1894.5822525956373,714.6238520095766,310.82443079408455,184.8403340840259,0.0,114.44336292278672,62.119595464552624,44.98090629038673,37.05520294312993,0.0,27.832242304414976,21.170030187757426,18.700280239067084,16.446114084940852,13.990558439095711,0.0,11.977028002909083
0.014705882352941176,0.3158300393991975,0.1278107127633577,0.23221843151750832,0.0,0.8006145028868694,3.083394820319157,0.6297108942582536,30.68552227967845,0.0,152.78919592418563,100.37214096766995,286.54117395686774,217.79084691827393,0.0,1014.9070657466877,569.894026510882,1538.2883527630383,1208.002681273595,0.0,1259.6468142117876,5759.3750519923815,6145.102429064467,715.0568041452631,0.0,25.48429204419407,194.10143884079312,3601.3711423210134,5266.835757663521,0.0,1804.035649336832,847.8498457897156,68.93700658805724,14.89234557158067,0.0,9.277714047641961,5.803347607275004,1.255826926983352,1.0133554158140052,0.0,1.3585465478577174,0.6754277960227334,0.14548241752481442,0.10780268118357575,0.05430008150980563,0.0,0.04456667891648165
0.029411764705882353,0.47762751862073705,0.2306187975135846,0.31472350939851945,0.0,0.18037023490700502,1.4509162689670014,6.860011493898197,5.312153277207621,0.0,71.63190568243749,27.97430968077035,271.9985022566293,308.26623368602895,0.0,882.7009176894323,510.24379189839885,91.12720165485086,1252.1611135207968,0.0,5139.85349715226,2971.6711064609162,168.14741291660755,1141.7888750475274,0.0,264.8327007072131,317.79367399729847,702.9058233447245,1265.2229851794978,0.0,2474.253063497462,74.22870533032984,16.13700125446291,1.228359715894564,0.0,0.4419985824969188,0.1253143604878379,0.0793626092230815,0.027179155293889513,0.0,0.09346133480696323,0.16251101384982453,0.0942338116701106,0.04394645562543076,0.02782965802925201,0.0,0.014794897815394694
0.044117647058823525,0.7473327410184453,0.7050006692816203,0.24699289756378484,0.0,0.18432621184411177,1.2292181243414682,9.094255935443375,74.14842042967922,0.0,114.77167080779921,69.41858781286824,254.4651003747477,173.5126119902742,0.0,1248.847163921191,546.9903642801006,34.04265394221739,875.4355465878539,0.0,1891.175869921746,1036.4651761311443,310.00594477404206,737.5152158587061,0.0,2021.8961870537378,7700.538614351581,11531.238121450951,6685.311403680051,0.0,903.0640074493049,267.2986728670202,34.93418714417245,4.42520857071731,0.0,1.9356290161730594,0.41346727134482875,0.22932570784437678,0.1576991994940798,0.0,0.16359899271785613,0.1911151365646454,0.09965691311199681,0.046290593941370736,0.033068479248668986,0.0,0.07598380823565729
0.058823529411764705,0.8326992249470377,0.20673034412410599,0.28733857015906433,0.0,0.44163838858644233,0.2907287171384879,3.353589298650375,12.270925403441481,0.0,35.99213734348997,17.357546017476352,203.64791108342564,183.5294143125567,0.0,1806.9615424857138,3155.5489856428812,1101.0008169255418,649.6525280057547,0.0,965.8190142955648,5584.691426752459,2830.3041861848806,4343.101885412023,0.0,8958.204701265091,4756.417581865005,872.1591873224663,583.8364665190386,0.0,1148.800404422183,268.76229777773216,5.4734084173387405,0.44981105906920216,0.0,3.157959335496107,1.067012248149447,0.045575138761252035,0.21529242764475692,0.0,0.048714138978850324,0.03137957650678827,0.0596836740364031,0.09715526462191626,0.03564560481718819,0.0,0.007081261469686199
0.07352941176470588,0.8266037618044536,0.43416998104970267,0.5309620130965165,0.0,0.19580524298198762,0.768832349575719,1.7070853510982633,8.76732745536071,0.0,36.7343099003015,45.899419544846026,274.07940877253577,1144.6109518131857,0.0,1410.1304866883033,5035.100953347501,9954.711367805987,2946.9045237342098,0.0,151.81425573979007,94.1766735260957,420.9756963052513,1374.825533130156,0.0,5009.754509016597,4059.824981852906,3737.49918285441,1581.5421269322392,0.0,526.1715823835442,340.69447724591845,12.690471968157155,8.115542572561358,0.0,3.2774354139784014,1.0728975268470544,0.2030170897908538,0.024927892938934326,0.0,0.012911482177402515,0.07987605275642064,0.016442746389264976,0.027997209450004296,0.019009915000323355,0.0,0.004736164961245603
0.08823529411764705,0.4866028529252821,0.9710788303722125,0.5462062549167083,0.0,0.9172658541497785,1.9103519320656006,10.893493243033952,25.479022238327723,0.0,39.084289667522924,4.604989418525011,283.57021654002324,339.7861753355815,0.0,597.3673616035835,340.30736267324903,1342.3958448247772,5687.099261120826,0.0,1712.098792199748,4006.8051788537405,3245.788779431138,3466.5966798128975,0.0,1250.0435102470974,1391.3326141120792,2701.7888893885784,6398.209746844631,0.0,2951.9344142251275,28.514958908486477,2.7519125205099884,0.6575123637675824,0.0,1.2047187004409343,0.2957067649852957,0.12651776084610317,0.019491522760267527,0.0,0.014988721067685064,0.03706544720500144,0.007834423216584887,0.02888404722319525,0.056650261826742154,0.0,0.020216491565712175
0.10294117647058824,0.5342879184457967,0.692206577487616,0.7903737897995977,0.0,1.2870655300837672,0.5807840946987745,4.035606317377754,18.595543382573783,0.0,14.990103341170837,106.6825440290979,278.43050884178416,966.5005780228253,0.0,1662.2862652945578,994.0679110859924,547.2889297329882,5135.339725359975,0.0,11583.170961765905,5484.527328721668,13674.017836851672,17995.643070957733,0.0,2127.725426876693,4084.383605351124,8091.608644685574,4691.749461188899,0.0,332.69063025216565,182.42734524286612,0.0806175524383103,1.9516640341024205,0.0,0.25972732123268727,0.6221539650426919,0.13000719026243457,0.09038120314305761,0.0,0.052297031015313196,0.019868542993630965,0.0661784002867708,0.047614762844611566,0.008989208450147546,0.0,0.012383533205216828
0.11764705882352941,0.779872145161957,0.9251751999164488,1.3966192505449362,0.0,2.467386096833776,4.6675473399206195,4.2352446659076675,3.734353254626305,0.0,21.74561566347241,85.83026415685076,262.5816731314808,58.86446087929632,0.0,116.62967506424664,967.6984727687905,232.08993574007022,820.66171446215,0.0,2178.6259084945605,9788.365051617766,3353.77315374712,16362.67410195517,0.0,24076.07158291226,9522.885456290445,22290.151339564633,22358.090314021585,0.0,5310.500508632789,466.34644736783196,5.1172725628065034,5.9859821470126295,0.0,3.0066589686935967,1.3185036776343755,0.3047199639495536,0.19997080019682176,0.0,0.18855756382733957,0.09210642158057034,0.1240555227439135,0.12164215114428906,0.21154939823029778,0.0,0.29495817321036205
0.13235294117647056,1.6246550082245337,1.0100446326503647,1.8475196871732937,0.0,0.7227995075481323,0.19682834662208643,4.726324360571392,6.6879593642350645,0.0,3.652562640701923,16.227758626990695,165.5220672049103,101.11722302604846,0.0,747.237137670889,1627.9331386973965,576.4818427553671,40.62410890874675,0.0,871.6263642169404,302.03603663353783,2496.075016964909,1346.4860496128165,0.0,3528.7749143844503,12958.639496560401,6509.567003015371,400.1606560909947,0.0,197.12058937749293,111.08884092787018,30.423031621250587,9.718754681346418,0.0,14.237647048427135,4.917391002100548,0.396118183529285,0.30564201579536077,0.0,0.6090247331883231,0.7847135375278029,0.8133753438294617,0.10698185926536946,0.02176810557953107,0.0,0.07136712804812574
0.14705882352941177,2.6213755538607786,1.381895765305601,0.9657217867511958,0.0,0.7972677110241382,0.12690736232298738,4.346334569212907,28.289666954598566,0.0,5.756872463954792,43.72997830356397,31.127344315303233,44.76739063760135,0.0,52.10250949139058,1049.0467530181245,2532.510224430898,1133.7363442910605,0.0,26.481268953301885,70.71458140740025,570.2218400734275,5015.954274989484,0.0,15198.398219781022,26458.783279196607,20592.485347954942,14702.793826928557,0.0,7856.150894309527,1372.8594861433583,6.556660517871958,8.78897627275408,0.0,0.4590867725109585,1.5269028520199548,0.4965340549263074,0.1603177640245322,0.0,0.2908757967868156,0.23205677500201882,0.13392072197433377,0.03287765023407779,0.0518685053602716,0.0,0.014320772025051796
0.16176470588235295,0.6662097477895538,0.6526399438102181,0.3348222332762887,0.0,0.18740473036231928,0.5773549143357124,4.336331427423443,18.925216888971555,0.0,132.0633059551259,189.0291633457863,120.13756770996328,95.4845681048887,0.0,240.99415755636613,973.901328133866,136.5777137133653,1022.7423123214212,0.0,453.4946007728604,137.1566576384614,258.46425275090866,342.860133722749,0.0,2372.28247859388,9718.86790421257,10637.826101966457,10136.452067582311,0.0,4308.893202623169,2103.5720776460635,23.3247765384286,1.0576967319035229,0.0,1.627318182442416,0.2201610128372248,0.0984434378626524,0.12652147063853372,0.0,0.04881785076770226,0.05011072775847327,0.007576276436317372,0.012428723933806432,0.016193714985525614,0.0,0.02276985248431333
0.1764705882352941,0.8969835304095864,0.23381704228169306,0.4726410940901641,0.0,0.5499656861516631,1.1526250630053037,2.84727842085369,10.086453331821026,0.0,51.80633844106538,52.99963953304565,18.828615937821432,89.56798050149887,0.0,168.5327378830134,228.177455700885,46.674668163481975,2641.3935702325734,0.0,3927.5715066130133,1101.2209433633354,324.7266952203899,644.5120259448306,0.0,703.3873439597583,1423.7407717128444,2308.4715410831805,479.80240963609356,0.0,3599.797587502434,2802.798777452962,324.8595435040331,1.151330747601241,0.0,0.5877397462312767,1.0903766319818708,0.48787384417879565,0.14619612122674408,0.0,0.07658862176657244,0.03916713757528607,0.010369976316633629,0.04083906565489447,0.1506823070534705,0.0,0.0851206388188508
0.19117647058823528,0.6155139834070917,1.7154776533572194,3.7363819594274665,0.0,1.6389591151140541,0.2819754172006117,4.785955765848732,6.7433949569718,0.0,24.37383144675054,182.65629800093848,178.4581285012531,28.741406344021748,0.0,229.63487004025035,527.8000525821499,1638.7250821784419,280.32181471581555,0.0,753.2506868247928,2584.3795926552184,559.7821483753273,1057.4707852653337,0.0,1278.8308288477688,292.23721855656856,945.4342914363826,4103.6797164171685,0.0,1935.2195267882505,56.74534301793197,67.93780113497488,6.751589835326305,0.0,5.39635303426777,1.7630189823535019,0.2550891800863918,0.4250268479509989,0.0,0.10918472614828764,0.01535531433324043,0.024198411132419603,0.07462573984085445,0.09346825352806415,0.0,0.042048104318530795
0.2058823529411765,0.38318504556334554,0.3183798045481164,1.1072851013035008,0.0,3.6362100350836606,1.5530473514255416,1.5920132019303783,2.743040535423428,0.0,44.51933486788235,202.07825007093362,509.4171184880826,455.69634366578964,0.0,403.15601066941315,182.09108143645494,414.44025676093577,779.139950991105,0.0,3360.305182333368,7726.346186348169,2201.173455646509,2664.3592549401938,0.0,4292.216000923645,2517.10603226684,1496.8777868302025,283.03219656887154,0.0,1956.0572549744165,450.23482450198196,1.1631789834763866,3.1565781396526122,0.0,1.03383430648149,0.5502174315974321,0.4793505259566544,0.2504196369456032,0.0,0.16762655125117687,0.0701242263131202,0.11227978943163934,0.013538835674782583,0.015882491202119736,0.0,0.02736540362849027
0.22058823529411764,0.21212115941353965,0.18978579164488824,0.10755290508540459,0.0,0.5473416881399231,1.878964190806207,2.2875469873511074,4.534198715850505,0.0,269.6531172519538,1303.3076659856647,557.8883748582218,526.9051528926058,0.0,1790.3147409925605,1611.653309261238,49.848148355757814,829.2952070292885,0.0,744.2663524916376,1309.3718574353836,5247.084033671254,4208.198773415161,0.0,1178.7572571607911,181.14784760829832,1164.3388026776067,1417.9724318805293,0.0,1116.7648437348307,75.30934509559629,2.1503703958514047,4.168346354014766,0.0,0.18314301873497546,1.4144093128288193,1.404170624705002,0.332987248528574,0.0,0.3665241500595192,0.03982837794272403,0.047193432019971567,0.022384690649235095,0.07477751908994174,0.0,0.028186698940142405
0.23529411764705882,1.1616826486095764,1.2403632411217014,0.5707078778323191,0.0,0.5873537279626492,0.6002681818829997,2.5676601602937748,28.11116384932602,0.0,191.51041221415994,694.6624359514617,1571.2802580017515,776.8631989797085,0.0,1253.4824726832658,2316.0356487748304,344.627530133574,111.77065139049486,0.0,160.48172205446053,1331.1697470879212,4337.370092709823,7053.5829046971885,0.0,9414.685887759002,7062.93299548822,3138.9268434477376,7109.889774042122,0.0,2782.9191366346568,109.14633849953876,0.5975281848979106,0.04692707095995898,0.0,2.126582630082722,2.876729195208905,0.25347561660282447,0.1732755398666005,0.0,0.06719973338496738,0.0072186959754522075,0.19985275461253682,0.14297507109955926,0.005774876124705883,0.0,0.006721907656799076
0.25,0.5416219272058733,0.17175910987847343,0.25209373755558984,0.0,0.3120626035845001,0.4338472047627892,1.591711774279055,15.367487887795926,0.0,147.5516043992307,860.1652502702844,502.42956096385376,277.4150293718635,0.0,290.00255993019624,255.18733358078703,298.70424617006904,210.91997278529232,0.0,148.81104292672592,11.064029163496393,895.5726437127303,2628.4579942591663,0.0,8842.67564508655,6843.298586956944,13155.493802255516,4376.162772251637,0.0,1326.4123637727093,15.037692854317132,7.302173953768852,0.4822270243385354,0.0,0.4790290846796427,0.24579673079341646,0.14647410340792927,0.12575044274793554,0.0,0.143267584387854,0.061757047963848205,0.2645065089797324,0.0937154446793627,0.012369945618261524,0.0,0.013649478704869811
0.2647058823529411,0.7019017535071248,0.4980026861263725,0.438039340920137,0.0,0.15862331545889427,0.61819277115757,15.227520188914989,18.588742910022756,0.0,0.7128428905754736,417.49714234874375,2018.807550380903,850.6183993529603,0.0,281.8918453663822,979.618104172843,1807.1373142093103,719.2211578267604,0.0,737.9911980482727,248.3604666169769,134.2774416968776,2573.1423019048007,0.0,5153.333808257188,5376.606651379818,4397.503981240265,1712.8379809259384,0.0,16.902855572837883,101.61052299035251,5.534423747804686,3.10905521140295,0.0,2.8285803545065944,1.1449970683345596,0.16710218859338527,0.17272457418855186,0.0,0.030771566132221047,0.10892658901110139,0.29830120439055713,0.18525793880685068,0.10519857129290623,0.0,0.04417388810065763
0.27941176470588236,0.8464371330026221,0.4191744920282024,0.11643943481567907,0.0,0.6640751117426562,0.7660210991374761,15.809531391433985,53.566812153943005,0.0,76.38234876597593,321.2201554788862,1101.2177581832304,1336.9707566401512,0.0,238.2840416991529,401.1588099770456,1196.091197035983,268.19150207804876,0.0,298.4613283635988,254.1035749374264,978.772975780815,831.9775353329244,0.0,853.4852932919009,193.61930836030896,1220.4019517920628,5023.941384635169,0.0,1356.3292853540333,17.08316297014197,4.1474233104171265,7.2729541764059356,0.0,4.495920809684815,1.0181699735799519,0.5483567616555299,0.1214703034645312,0.0,0.01956249370711919,0.02797705500709955,0.08158836427892538,0.15749933048677467,0.07283042652458553,0.0,0.013693769602035322
0.29411764705882354,0.5347908579646091,0.062411281207986634,0.22589813072757628,0.0,0.6127282009160261,2.360284908081454,5.730814052235614,5.27716717433818,0.0,4.9999902279523525,72.68267274301994,546.6993382728841,1638.161042783417,0.0,555.065706582858,468.52859949545496,1794.9013660716753,3925.4505910567113,0.0,3812.850729924193,290.3455868187435,490.1850315968289,207.4435614992093,0.0,518.8900214489336,5794.24925566822,4943.663698314183,5716.779033182349,0.0,2200.885963655919,68.79273510760086,6.3074454731066325,6.404439213521519,0.0,0.06141029601280911,1.247178367757522,0.29275910164871055,0.5929818207881719,0.0,0.3735960692726503,0.08516861992247024,0.031867376354893194,0.047770074279199035,0.03732387815286245,0.0,0.029100485724856892
0.3088235294117647,0.5494163842945269,0.5047296139028469,0.5290302921530801,0.0,0.5464638548135684,1.4848488111234577,4.684738192691058,20.646970837475333,0.0,17.94225136061482,15.245293364873312,391.857007251849,1444.3898595722158,0.0,318.46288366228725,219.74422971456318,829.1678652279638,1473.441924542709,0.0,3220.9592365094245,2935.8881734408114,1501.578830107764,4402.422449228081,0.0,4986.672538302495,3118.934507131439,7744.013698402376,8313.602250125467,0.0,884.1854500209054,31.37226853157184,1.1360481445179784,0.24693107142759654,0.0,1.6754429618040667,0.7729541540682462,0.6755174815683065,0.18508104741787845,0.0,0.3918300525535866,0.2893019944210069,0.19838210434708453,0.024966433962219224,0.039522574197724675,0.0,0.04629253021267362
0.3235294117647059,0.551287272905227,0.7003604326535096,1.7306514625526104,0.0,3.2764181897692666,3.6995611449980395,2.9348700497389593,28.00947103845986,0.0,107.75518450388961,209.0691243598004,8.927140503289188,1046.5639932833935,0.0,5957.8923763145895,6409.125488324542,884.8421327287181,878.4372168413834,0.0,1919.2586274997666,2278.7208245747497,3238.535172561358,1939.1097259753396,0.0,4526.28331108148,2369.2628638665346,618.7115811638076,136.57885710913888,0.0,2418.0842037278426,253.2888791281373,10.759326782705948,0.510304274942992,0.0,2.052186656258188,0.7585812623316782,0.10404624748475078,0.06628277282208,0.0,0.012658385441995927,0.044220868313214215,0.07934242538792205,0.11334727122276309,0.035656324043798225,0.0,0.028514839316495157
0.3382352941176471,1.0833848270221926,0.4626808429543999,0.3136302751993104,0.0,0.4494092987806504,1.4327524468387631,16.747086748440754,30.888532144867472,0.0,132.15643014354677,208.11711002174195,1679.2897506255295,2235.5637802971123,0.0,831.0917951057377,3016.5911345659765,7225.406388005802,282.74836988992115,0.0,1046.45196071493,3069.170171707884,12484.249514308693,14989.000433533325,0.0,3795.7953770220197,4013.083671870473,13014.43160562262,10919.881272471599,0.0,4459.635646771725,636.4757248386986,13.633588730810951,1.7067028889099742,0.0,0.5442119993393313,0.4575481436166355,0.34189835879692937,0.5308851689554586,0.0,0.21084776851179418,0.33502782930770286,0.0728731282273947,0.28657724386365124,0.1721892308381433,0.0,0.113340041464621
0.3529411764705882,1.9802512930931027,3.4344321334138765,3.167250329031658,0.0,2.061768448430723,1.7801592385675498,2.399402364874935,21.8231606088504,0.0,124.79137559412361,460.25863128599485,267.8908681709847,150.90128598437906,0.0,85.4250346557016,1329.2459106122137,6154.266035450152,8804.348828100945,0.0,12003.720205698195,9746.763383570138,1341.9211905881784,753.1783875840699,0.0,5190.820746477506,134.48133235609563,5249.670473892698,2188.177322411353,0.0,658.0989690428476,131.82658622679782,16.14378208116679,1.8837032557944404,0.0,6.731309793469019,2.3333582172849137,0.537390999467038,0.4266414725247052,0.0,0.51225069226392,0.18416538594199547,0.12286778297150935,0.1529003315936268,0.09166026532137028,0.0,0.2673778606184731
0.3676470588235294,0.732286271306289,0.4290274885205788,0.5983720371555314,0.0,0.7202388911694703,1.657165660896244,7.772424360467551,6.530013306155295,0.0,25.016230591013937,132.20954152972473,41.92421093066398,769.8730680497915,0.0,1294.2064366025254,138.3906687456129,20.771142237902097,2210.9994090638666,0.0,3938.699008161673,3888.0826021528683,11724.688438393223,5113.940664634264,0.0,6255.7442649177865,3865.7946087612045,9961.77403452205,9095.100657121187,0.0,1613.5975174558357,278.0701454036308,12.604096609965723,12.054718182249045,0.0,7.2121196265792875,1.6369648461404354,0.5835698900596114,0.15002943962892318,0.0,0.0921235670025415,0.3253459395777029,0.2706810511773399,0.11211323950379898,0.03133620144464969,0.0,0.03489365645784088
0.38235294117647056,2.3465810988642,1.1004116144958929,1.0708674567015817,0.0,2.3483197422537683,3.8521176305259095,6.622930953215633,6.818620793951803,0.0,63.51293789167249,241.72942188948403,1129.2679819629843,991.6378398928459,0.0,79.70352399451303,1860.2847871263639,1531.2798352690004,1511.4751688559222,0.0,82.66074005968642,3201.6477293795683,3296.1360922038734,143.78995095908544,0.0,1942.8822676765642,16834.510805295122,19068.03960105091,225.94362126428317,0.0,6613.878521434228,1672.6601201776061,79.99120606456388,0.6633039694833869,0.0,1.3575378506815232,0.7005576816678354,0.6501316271717255,0.3883613081972354,0.0,0.22094283317697297,0.11224827519973166,0.03931436100504218,0.052603204228486536,0.11728169253828244,0.0,0.06710026038215491
0.3970588235294118,1.1385331711436901,4.549287059596307,4.830600668014309,0.0,3.4187161945815587,6.255874124982977,4.752456016780181,14.926752678976394,0.0,8.32804724765575,240.99100985561054,241.8972974076749,704.1545157888363,0.0,1843.7820097609147,1408.833434578394,62.08070450529978,208.87464993822707,0.0,2045.3195754246724,7428.746607731036,12274.329186560317,12588.77030839109,0.0,4587.830902660862,238.7498479759244,567.493996584441,8635.077533982803,0.0,2565.8807238109925,878.643520489141,69.47861012201038,35.10976596974153,0.0,9.408574501854456,0.2351674020736329,1.927357617472875,0.7819053251022541,0.0,0.7560533317148675,0.6696963046541542,0.1692842208121844,0.09386668551975069,0.026125441326225414,0.0,0.03963261700985456
0.411764705882353,1.5094743892001026,0.8734945352278546,0.5144788198224183,0.0,1.036435536905006,0.9682992074677175,1.6337719520318714,11.617439744768717,0.0,33.77245538283459,91.31880362331617,162.94589262076445,165.36417518290537,0.0,178.7625421519029,1562.0760079898591,1773.3258643459899,514.1558424228971,0.0,28.310420301100915,592.6105582439054,1016.5749058649408,968.1743601482899,0.0,446.9985672347765,2789.733280703087,6170.125701528847,192.7571438221917,0.0,5300.527477892682,1725.676739314842,87.77098121861101,2.5582105515878837,0.0,10.092099080322143,1.4865951451393218,1.2039869103572922,0.6063311520850478,0.0,0.025632464621967777,0.12144514821534741,0.13410203977552912,0.26853340208399973,0.06817765165443403,0.0,0.03752372935661354
0.4264705882352941,2.7321904515811357,0.7216951544386994,2.0200446806550607,0.0,2.2792354333484113,1.928742992233191,4.717806571607383,8.019936009949879,0.0,3.1142874994147256,13.03642754447465,46.845067015754296,40.00067577952143,0.0,203.0254737625055,1016.1477784298444,2364.5524393558526,1958.2324316926329,0.0,1082.6652274392954,173.5360302307879,55.467195634725066,1380.0467428807394,0.0,8496.836523493941,8090.2897998480075,7225.795263945853,10168.479773465384,0.0,4765.796239067617,288.2778680011213,153.3111988224687,44.13604847833989,0.0,14.779522379503518,0.7207025948278553,0.6580516809841039,0.43495111813051046,0.0,0.23076932059649097,0.09163190326243269,0.1908987707132763,0.2246428827092059,0.07563584139398491,0.0,0.1574767577717514
0.4411764705882353,0.8728685233895648,1.161443692315631,0.9456618233109284,0.0,0.8865997397461007,0.70929101939651,0.9952358104256549,12.839976149216792,0.0,5.020476777172641,11.448973840844737,35.304730480317026,155.43501532094967,0.0,17.339867753125844,336.79592888822754,76.62355246058772,76.36821470468416,0.0,1218.1296486374329,688.4622628576283,3821.5815853452114,6682.423779566156,0.0,917.9169719722676,4556.313837132193,2748.671871757274,4192.534326386177,0.0,4532.133398003946,1816.4125186540864,137.31546489491183,9.02100045548512,0.0,0.24689266344391703,2.7881680749907556,0.5333731320866772,0.07133404497801087,0.0,0.016195027092726216,0.044073324955027075,0.20059396710702554,0.04660048816841825,0.03911006630986889,0.0,0.016231081728997874
0.4558823529411764,0.21998532147670483,0.4831847285366454,0.9303035880900468,0.0,0.9120341704977801,0.4506469477417637,7.29505643517844,29.126309490842864,0.0,16.009356027210952,33.03969448944454,246.64284756703645,859.1494313458251,0.0,233.69522933363342,185.1758995952364,438.06318239328607,1267.0697949285654,0.0,876.8646384540265,1259.321347354252,238.30813345965316,903.3145327709333,0.0,1811.9549642772222,3579.1543351306564,5507.249498510298,127.73365437137586,0.0,1414.2758376300892,65.64700496246564,12.846995206313064,0.5990722986580648,0.0,3.0169194988601973,1.8016945279897003,2.240704604940935,0.5188081923547758,0.0,0.0718963462239884,0.07046816371565817,0.16165353406090124,0.052551671132384306,0.020798274151472552,0.0,0.04396379806891748
0.47058823529411764,0.2533208785195489,0.20671524120213275,0.3625872321871145,0.0,0.6898101139338302,1.1693518214917673,4.51645104890035,38.90702004285191,0.0,30.887912626356872,19.11602718933412,39.793398733839645,261.368610234465,0.0,234.1488594344065,14.304728346212144,77.9315125701178,1062.8124362465605,0.0,2065.022098461559,586.6596202196108,3241.335477480764,133.0304669888573,0.0,1421.1566270588048,531.7549474027185,924.8659067128244,3112.679086636933,0.0,1943.7904406230323,98.00219209379401,0.6291594163547277,1.4588635390401627,0.0,0.08753738631721067,0.3148626267006057,0.2891984483166876,0.09116298381348395,0.0,0.07859816129009733,0.06891175448029613,0.08506065529114998,0.09675154907416891,0.05136086646922258,0.0,0.018412785235085674
0.4852941176470589,0.6927296528588459,0.47159031143866026,0.3065382711976254,0.0,0.6024529978812978,0.715911253470654,6.586923183116539,30.33230386433923,0.0,37.93223836481266,7.928166318526456,291.92817248472255,892.0132993422849,0.0,322.72402900071665,135.76041822882604,527.3152737387693,1131.1295051759435,0.0,2136.422638352143,4488.102664554172,987.24194166705,1282.2968302356905,0.0,2068.393455085829,705.0731827757053,359.9071822545376,680.8087537757602,0.0,149.04233179354623,62.67942095061918,14.644720623748245,0.9151230861289317,0.0,0.023505166278579195,0.023925198054729507,0.1905318998459518,0.12679130191529345,0.0,0.1277004407127839,0.05020429942221586,0.03245802705853203,0.0259330648053232,0.018095711754950568,0.0,0.03444261689825213
0.5,0.45416608652900425,0.23953779565596361,0.6300157493114504,0.0,0.5101271250829778,1.1135873070048503,11.854633696418276,50.214680774403874,0.0,57.17812739412379,135.09345535487992,85.0259623714488,277.7657890969386,0.0,687.7988419239139,370.7759655473283,168.50552487831337,160.40337559802805,0.0,289.71478364377725,1453.1807324727738,8181.540016180377,7843.245878159361,0.0,2438.6639679844347,71.21933980714786,2071.140632899068,1627.0192037619477,0.0,227.15493910791685,49.44274684323041,11.215726142346764,0.7647066128041796,0.0,0.6997935019221289,0.25293918901588014,0.13253453280168248,0.03404345097728621,0.0,0.009890623619452275,0.04841834395754155,0.08143621795836192,0.092549300900442,0.04457422065773506,0.0,0.014521245375396364
0.5147058823529411,1.003939191684755,0.2635681749816146,0.4959267268729143,0.0,0.8628087507029175,0.4162711990528889,7.144220069566167,35.506100855421764,0.0,243.6018493406158,218.4288276110325,79.227282109513,553.1181400091713,0.0,1922.2747209948445,2611.2869345671843,699.5691283407015,179.02523342737015,0.0,1254.062690165616,1656.0184044815883,413.44469536081954,691.4715918257433,0.0,680.4352606466182,4066.8030973744158,3968.5553696418083,3999.2212118211555,0.0,2198.192533996803,52.59991569198054,6.761638878773057,2.4218394565632853,0.0,0.04054610227251019,0.4583321411600098,0.20668856399997182,0.07679702013217021,0.0,0.05260852705445944,0.078663878262951,0.018266686119297985,0.02777951268042591,0.05785366598732126,0.0,0.012844384962728585
0.5294117647058822,0.08408544521613492,0.2691283607666282,0.7343381879274307,0.0,0.788592287106964,2.4984394822068454,3.001775166528152,42.80530393844494,0.0,78.98678622891337,476.3310568063911,209.4029698530686,28.05209101544121,0.0,946.9988065064464,5950.762368339447,9893.215067316178,6321.99523626018,0.0,739.3203608169974,209.27658388846365,422.9787672949825,1914.0050898691547,0.0,7643.772521827296,10489.689440942513,8827.481885899497,2171.7894373918443,0.0,754.5426736432282,28.966035740652835,14.149394436970434,0.8742462005982394,0.0,3.000868839411546,2.134432198859993,1.3612431479722726,0.04626562844511814,0.0,0.010245232318221515,0.2678563568603367,0.47873838792921486,0.16684365796893674,0.041771874511549435,0.0,0.11599073654705555
0.5441176470588235,0.3453369407544402,0.11586369741927216,0.32107340604572704,0.0,0.5682921635904256,1.4514729131386073,8.618646284576274,1.9411107699248777,0.0,364.79252169001495,767.3335414907478,206.82468089290725,276.6837214880753,0.0,51.00244987220189,281.94919647881375,1785.4849767081982,14953.329514350287,0.0,24313.29798104149,5799.769693671373,1874.609365983143,1924.640955463772,0.0,978.2479329350641,891.2283555880794,585.8435418931899,1998.2087298241909,0.0,2340.343359569467,424.9397309576766,12.571665437657778,18.783887945628194,0.0,11.276168711617267,2.0013632669698365,0.5450770606248193,0.06011501205149729,0.0,0.10185535381461917,0.05837210268935728,0.22982028875252963,0.04984020470522744,0.038409725776433465,0.0,0.0751540919445402
0.5588235294117647,0.5477720189367883,0.6503710935727105,0.9585095363198028,0.0,0.22616365645538034,1.0684995121450145,2.714121140749982,4.090202896650423,0.0,70.40911566803797,592.4609310174576,874.136013145068,991.6658828120175,0.0,385.1811232112014,615.5088460305807,2152.1345620460847,504.2414658641302,0.0,5313.853170900447,16908.276472792233,4883.428539867229,763.6449690021111,0.0,1411.6299260155392,1060.0860870717945,1653.1902496570892,3146.638505789946,0.0,959.6675418250866,62.19265566307736,18.487287808570787,7.708557622762392,0.0,1.746522616863683,0.8829334915330693,2.287328613689173,0.1779980837488549,0.0,0.07576611470153027,0.14358448242347144,0.13261826793850034,0.0459506288107306,0.04839702840887873,0.0,0.05212330646047184
0.5735294117647058,2.019505728746978,4.235932146665737,2.2850934646943886,0.0,0.48801986264746217,0.5136700787834305,5.430464003744895,51.786071231877195,0.0,232.69897622248902,506.76763363722205,118.62349199068458,366.6174220395892,0.0,1754.977606230762,414.2287804071175,934.0717999613989,594.371274456835,0.0,560.5122604032092,1853.2760901717893,8580.104816878653,2561.3351097715595,0.0,4872.510914544648,11874.836132537941,5023.329530383801,6742.614234488045,0.0,3638.5822178383787,101.84323952319264,15.039920126162958,1.2741607770709562,0.0,1.5954151166211814,2.9506136782192307,2.379035273304053,0.707647870089881,0.0,0.08117427854538634,0.2698815964888003,0.276902627590691,0.023772859456570802,0.3331920783613697,0.0,0.8299392647556252
0.5882352941176471,0.5017364940129119,0.6543828192914464,1.274934234244185,0.0,0.7202847174361804,0.724654158284259,2.0761735229325327,9.101785102508796,0.0,10.873881121620352,197.9521222144238,590.9690747862642,35.21418797508356,0.0,1999.3398495047913,2820.6695226823076,1982.0755278229462,1047.7567532610037,0.0,2840.819773891983,3721.4733039544926,48.21123224858573,3868.8309063896795,0.0,474.2033937006561,5229.978651231366,6075.379707138085,169.06530774023582,0.0,269.36189448130165,109.96476489819884,28.606016359443664,7.104340005426769,0.0,0.9661298792296682,0.458062887264347,0.15328143483553172,0.20906900356269426,0.0,0.11498604118994532,0.018598207323842694,0.05069221635423369,0.06124721198038684,0.0742408479662739,0.0,0.04572860625651151
0.6029411764705883,0.2772072340785213,0.7394843280280032,1.2125328892792122,0.0,1.9633538583067363,1.447248844192239,8.192797814691797,29.546333514764463,0.0,136.75458771895023,350.57768350635877,265.5536193705795,328.6814575147233,0.0,71.44356736743636,307.5734695386617,1175.6882671687517,2658.1250753220143,0.0,1309.137709456449,1808.52925787484,7982.752903549588,7030.829472021778,0.0,8197.148431319889,2534.858277353519,1051.1147361894953,2416.1473445787833,0.0,1160.1658906820562,74.50586304364823,1.6990530508514827,2.707419522039242,0.0,1.4783469467156642,1.2789341821337143,0.8818645260063314,0.5360322122824284,0.0,0.2908507856321478,0.13478906733473325,0.14593861685004977,0.10683065814139193,0.03342577059450601,0.0,0.053399146384536945
0.6176470588235294,1.438810217100426,1.7616104119978004,1.8517117930534552,0.0,1.4727562257432694,4.8556809257593425,3.1023277852757816,14.244955396711738,0.0,9.210486676906527,589.3261478352673,1652.324903414763,308.54752325008553,0.0,3.322872848234404,550.8270595950551,1474.096282575603,1737.2892770691287,0.0,3004.175223205174,1816.4016110951889,852.8852884150842,1067.8845042055195,0.0,3308.7079633980366,9067.175352800663,12300.994108846768,4572.413389187041,0.0,2337.207574337826,576.3895264618178,62.30448365498784,11.156074992973553,0.0,1.5118693138340928,0.0927426464743206,0.5793702566214888,0.2562876572338872,0.0,0.22818638098634605,0.2184265733281075,0.5130444754799842,0.6682134067741011,0.3910669329241239,0.0,0.10508855330602804
0.6323529411764706,0.2310047527077287,1.0568564315125841,1.0915409732960966,0.0,0.5206265266428665,2.501493829818125,4.014290594454344,23.21493437355032,0.0,62.55659481755721,266.46317088290766,724.4177397223204,142.28418391973366,0.0,45.417640392070965,383.3916230718438,38.82056357326616,1335.1037188233486,0.0,1369.4679916778996,1263.0381771668654,1001.8164402422066,1547.4676711804495,0.0,3465.4559059859284,7554.5337770629385,8873.880160436462,3027.456181479678,0.0,2126.621171152878,173.7170280068715,16.75195591146644,2.561865201323535,0.0,2.9019858811910275,2.1669889216326883,0.5491104048365598,0.391809070292717,0.0,0.2594946715866697,0.13518601547794967,0.258166546205907,0.044008837923387154,0.01333453974695968,0.0,0.01646503890411067
0.6470588235294118,0.9615806667770121,0.6700613334120353,0.4799350526434013,0.0,1.2765277666892128,1.5414668901086404,1.8368728342854852,8.984987878409498,0.0,127.0719404429253,209.0082357534472,2490.6926548125803,7970.5596829614915,0.0,7740.633938686271,2013.283883921911,387.82917868161996,816.3400179987975,0.0,538.1042999637982,1131.1039822685034,3793.3288901364485,1381.2056268046217,0.0,1189.1093741090067,2071.2751956864595,3762.103462232435,5762.37787259596,0.0,1677.4265786534525,18.54833209106905,29.178529338030117,3.088831096470176,0.0,0.7276312603645023,0.8667230705084075,0.08590692262025083,0.36893066197463775,0.0,0.22047889146287275,0.08000815143803572,0.19375799465558272,0.056742998175817086,0.008277553541599047,0.0,0.004571420594232198
0.6617647058823529,0.7551903341945225,0.7613719672632031,0.28818776251935996,0.0,1.7184362871953187,1.074046598814315,7.152812149483243,60.52431532076971,0.0,22.139971370573,381.6224405514672,452.51687740563693,788.0378252391372,0.0,7018.994958443209,11682.299025005963,4230.763644321166,1626.8605121489513,0.0,2287.8608422495777,268.00216218598354,2731.9210542108826,2210.024284754644,0.0,2401.6044636372935,3974.230074925773,3331.445620734631,2445.3926719628735,0.0,3201.5017478489517,306.3836483159812,7.466034770229534,1.3916718611243502,0.0,2.1701241880472883,1.6611667064769944,0.9262319075615361,0.1261836290117575,0.0,0.3106969901882371,0.2809432037881996,0.14233794532134725,0.18663597583000613,0.10540976119277314,0.0,0.1096046457324669
0.6764705882352942,0.9772497404544974,1.3339427061334637,0.9684769741723869,0.0,0.6345374608477365,1.8319327278769777,15.270654336670647,87.0477695048148,0.0,202.53286248719024,263.7748170318652,102.4610926844228,622.5887570202694,0.0,401.1531784878266,1031.8373125186315,6482.450145047912,12092.221167882904,0.0,6302.626113752689,21.460174538204825,188.05460778263858,1738.4669978805055,0.0,523.8459108554704,243.82439872793208,1084.7163642001167,3556.729721269934,0.0,1150.6917372894047,450.7975685719168,25.81443188456139,2.0046298054274887,0.0,6.401479181496653,1.574136327522569,0.1497880650787603,0.09077344500074792,0.0,0.14154980876983325,0.022549729251424858,0.12990933143932995,0.05000276898167656,0.01700229284274959,0.0,0.04984091587953702
0.6911764705882353,1.1310037102279367,0.4572759194343047,0.1777604357675271,0.0,0.44138655342104377,0.9613875502332087,8.980294496498583,4.8678743009610965,0.0,277.6687904110321,127.83936147517528,810.3967178429077,1347.2003603354865,0.0,571.091028341911,336.6828343159906,96.32652110616158,1307.6513005346126,0.0,6957.474161091219,11091.469487038385,6515.052414506385,885.1088645709954,0.0,4482.719148730479,5212.193022563999,631.6249212771178,3993.9557024819696,0.0,5998.510701999301,711.0246106890984,5.294807246585661,0.7677208938272202,0.0,8.452495710583825,3.25046623976059,1.0941284058202316,0.7383771199462239,0.0,0.7917834081934951,0.3649340698130351,0.2792944594575265,0.1823340494883388,0.042934794367768314,0.0,0.06700111568868039
0.7058823529411764,0.9338703863599168,0.6436271713359929,1.044050114004774,0.0,2.9147342346832166,4.9079468442434955,11.088362628083129,126.57724294115562,0.0,178.4270644046971,391.7934492093458,863.584633469492,515.699194927047,0.0,167.3005278469682,251.34850857503284,242.83746796660353,5.607148697753813,0.0,3.518908592233789,406.8219663859886,4611.431440343387,1757.4245258286542,0.0,564.1500728127987,83.7251813028611,4856.394892051781,7516.38807122043,0.0,453.0880159987605,514.5328148117782,59.6094244298075,3.8432393997501064,0.0,4.10524439809157,1.2796160968323997,0.27003000941661204,0.07262762515939118,0.0,0.2033176390450571,0.08775281842009798,0.04861028491291594,0.11221391887051943,0.13740926324142835,0.0,0.06939060361130124
0.7205882352941176,0.7273941498082956,1.1896346830346691,0.9320812239546785,0.0,0.5558057095510965,3.061407019428299,8.549902420924138,42.57494559998016,0.0,131.79754914900082,38.87484484723181,55.982163227814894,171.87460995030492,0.0,41.63609595324612,136.5658157935447,679.4789845214777,2267.566593013562,0.0,2842.4594274118604,402.9040864644759,547.1302506746705,5477.9088923961335,0.0,6301.055957187963,4358.934016732792,849.7808881088376,182.55178449800286,0.0,1678.9344180703963,827.120259550465,12.927153672702218,1.182433669393247,0.0,1.545533151747445,1.884092114470808,0.6414312112550262,0.3096700132423987,0.0,0.27688566012691135,0.28739931215234815,0.055367039545020265,0.011641259351658243,0.012546616944794732,0.0,0.08163422685132055
0.7352941176470588,3.320431039419366,2.5591754948139416,1.9148285101900329,0.0,0.5511751640434084,0.7221696552280885,1.6207552497546447,51.65408523621359,0.0,211.02606464409348,260.6581449502633,198.27214828763204,192.97225431155243,0.0,280.2886798120063,72.95970296105955,911.9805757833049,1295.2452648275826,0.0,44.85621022520431,4412.026030894418,7499.61245634917,4295.428957197328,0.0,4152.884351569791,1520.0210107943876,1919.2257595514534,682.110605753756,0.0,185.1090510928762,313.2518533639301,2.478134466463269,4.712201444224155,0.0,1.1727456719733242,0.401627263954552,1.001120784478926,0.08189861709624424,0.0,0.08560131529438848,0.03521931988170599,0.03021823455880509,0.021420262833513302,0.0659665403096099,0.0,0.0851470466500879
0.75,0.2075555867952785,0.6155022543803016,0.5478044530247557,0.0,0.8812550676448616,1.1118223247926116,9.370826530790382,78.59367105317554,0.0,53.039825602225065,71.09578364651938,144.3705013186962,14.496359996299748,0.0,20.444232393806317,635.7488470947743,1994.796991375446,1615.9660713244027,0.0,987.8177393479418,3342.911923493414,3612.714331779014,7298.371759410575,0.0,6549.214359090674,746.5547034256654,760.4114643043386,2502.0553186111074,0.0,3383.711800539074,586.8147797023566,44.387463426150376,17.54141137135052,0.0,13.158347329056467,10.519171096599628,3.57187512501152,0.4208448705810708,0.0,0.07949251517133347,0.02896680833771626,0.021741658050435975,0.015403528865065182,0.09890278809019651,0.0,0.13652014836525778
0.7647058823529411,1.6434727307699266,0.8650038842015363,0.2293462927170985,0.0,0.08529964175146756,0.3676156809521705,10.307829411706777,55.7678042198093,0.0,37.92854661374891,89.47676465067977,79.7234128410239,174.88282245157706,0.0,842.6788952086631,346.71944106282206,187.39545206874152,318.3709806069174,0.0,157.84852923938652,553.9970889911795,616.1353402004056,594.5601688782717,0.0,893.3104853270642,1683.7382406635897,3096.7814292952826,1563.3877487102254,0.0,5227.913828015113,427.2162250904049,22.41253939480825,2.2410778246470002,0.0,1.9297495141896701,2.7377691236706916,0.944527880851713,0.11907612727162797,0.0,0.10690753261312472,0.11545019160760767,0.009842133793722733,0.03623175695299051,0.04105356595422334,0.0,0.004871444996730718
0.7794117647058825,0.5041643592055911,0.5578608552615477,0.22745525359026253,0.0,0.05620826174388251,1.039967716908675,1.4761911536930998,12.723790814251515,0.0,25.159267152898156,296.10266951430646,418.0279435489924,104.01726145999783,0.0,110.16995695351441,505.3304768346052,11.912254616068992,1185.4828547221714,0.0,923.6880196753086,187.50083423503008,3.927277639471588,52.916027098323674,0.0,615.5875818948664,555.6194610747957,11046.536797225242,13871.004150942892,0.0,1709.6242003980717,405.7072855531828,3.9532335892058414,25.689537135723313,0.0,5.018873089290729,0.9524472476938676,0.30153439812581834,0.21476940242440581,0.0,0.08408339640730977,0.08462056653433579,0.12167074697436608,0.125593222629346,0.03879296037241702,0.0,0.04648698158174627
0.7941176470588236,0.4139556171593979,0.4396379978509729,0.9693359782610702,0.0,0.5382088572441946,0.73920159666256,0.5530442409601091,34.12617963211349,0.0,262.4892183539343,257.8443391470921,291.1042708766271,685.4923789944801,0.0,2814.8674749010843,6164.451237218675,3994.077953552475,117.15263049321516,0.0,503.80638025972496,392.4582981398405,429.1889096666763,16.03881560039632,0.0,1398.8176484302971,5589.654203593782,5321.459760815592,2566.3677838807353,0.0,4149.587021031981,2159.422439487941,245.6091991345122,0.39218859124110117,0.0,0.4430969736066572,0.40493074113953503,0.18362934313202206,0.13626547233021996,0.0,0.03765374918533909,0.018926065823192156,0.045387310178272924,0.004680334021699501,0.02045826098260175,0.0,0.0031517627115426813
0.8088235294117647,0.5033381411633195,0.21869532010601817,0.49336028452172004,0.0,1.239025195313976,0.7319838000592959,13.16202153955657,122.21792592396316,0.0,168.70025703320977,65.35878842118046,368.9875555427608,1875.9744738164486,0.0,2350.464028174616,327.7821633430948,47.57336158506469,332.3330306973238,0.0,221.57375905742592,362.6791897587698,1530.751258855155,663.2807520059206,0.0,480.4792671662534,551.0679298891694,883.6140049269607,432.40549084316797,0.0,856.0147156523703,1092.2600486813687,159.97064830353756,1.5305980790494111,0.0,2.8668294742213902,3.1369319185726807,0.4656946289225261,0.1831827613431819,0.0,0.0962102912746646,0.032934594614397295,0.03571021164932004,0.029502874138652213,0.0813462894706366,0.0,0.04333919302769555
0.823529411764706,0.34549246842808073,0.2283850921469402,0.4387482939660408,0.0,0.15931502996825395,1.1235146041531445,8.443352378814367,55.74742729428668,0.0,11.553028454436756,170.53738565255753,550.0187816163896,1636.7895476304852,0.0,441.3569209629552,181.9060918690579,123.62782114077217,141.29910651586198,0.0,214.99113524757848,1245.3044391488756,1254.5232698726008,357.93620381982896,0.0,1375.5615224828075,931.9954091669093,122.34143750780464,762.9226652207985,0.0,647.4413820131358,370.12409559355,67.86323633558811,2.4097511034114687,0.0,2.964167515228985,1.2318596204415981,0.1646207280936296,0.05615256593664233,0.0,0.06417184527481834,0.11412509464447912,0.12957676360288192,0.08820265779365628,0.10514957581910325,0.0,0.01005992227828075
0.8382352941176471,0.9393918404542492,0.13402491747309736,0.6247212424397527,0.0,3.12731023475709,5.3730300553791395,12.494447764320945,36.205228869722,0.0,35.793275492976804,65.63174983293793,250.06099620366035,156.12707731893784,0.0,757.9239833870138,1505.3797014585177,2534.359931797566,4184.430036557764,0.0,4661.131060007205,2405.8429977317815,2839.863239294291,2081.546418658835,0.0,190.28553819004702,953.9196922874746,2816.842924029086,873.9582942542862,0.0,744.4966540655387,567.6094112073085,9.79521274158989,4.185436927650137,0.0,0.3625782726447486,1.092942365965346,1.2050320660349572,0.17674087590008009,0.0,0.07721478425262727,0.12490164330400844,0.05216447907830654,0.12923984388720228,0.25281687447794726,0.0,0.05005980100689614
0.8529411764705882,3.366031308482374,2.4444040050143108,1.1939122227234455,0.0,0.26138910654691583,0.7859396137591321,4.117186122535919,15.88834213590221,0.0,35.418458209482864,160.80244883499205,376.89927575114723,592.7064865571086,0.0,372.5458065781769,34.71121059487609,1370.0905341022303,2763.9539424502764,0.0,1026.981893942731,1442.418421119347,1283.2963924545418,888.5777697899225,0.0,1189.6055772108054,545.9253722000803,2818.922199500955,5546.667701938098,0.0,1681.9119635935213,4.706468974920819,5.714924129166691,0.5790873891350286,0.0,5.952687353082588,3.7816675279914933,1.203697920951812,0.31998165133343914,0.0,0.23866841754007354,0.17096367864379844,0.08722128509774024,0.097073105311905,0.04185307527974473,0.0,0.0023156065445539466
0.8676470588235293,1.3420809242416762,0.538645325191625,0.41718363099795264,0.0,0.19106166909976058,0.34535232704837265,4.875005678237919,16.337873735430332,0.0,35.590580088871036,95.40551655374828,269.63481012018354,544.5318771324442,0.0,1260.9228961368085,1895.1780999426624,66.64369508921497,768.8541276182988,0.0,1730.805406529327,985.3193388348324,2296.0987040041173,5362.805205980136,0.0,5686.536056679312,1424.580110681693,455.76286870272884,78.20292609154262,0.0,617.8627711651015,236.14294799941084,2.8082464180419477,0.8148295298944148,0.0,0.6408337968738401,0.5343261382615718,0.030118861246981717,0.22561177382626801,0.0,0.06996768172433122,0.03696618552298901,0.06418462328627073,0.01346873594668462,0.00565131141336219,0.0,0.006600044036776368
0.8823529411764706,0.8976233306500758,2.2019811930478985,2.3698223351586813,0.0,1.3088514076621323,0.83305960991977,5.644169948090424,44.77184825976673,0.0,144.75684966371782,189.1261797672609,172.25519984816515,415.1426455739237,0.0,578.0231177791729,3202.9036687916155,4887.862649007195,1605.3343444759876,0.0,51.494472491868635,1456.8480406573535,1581.6536247301888,1046.1549264398745,0.0,430.2104132120388,1697.729998018427,1496.7744333577712,859.2928004201417,0.0,1458.2952225412282,267.86952553479466,2.964614519560736,4.892870848565206,0.0,2.666640842416753,0.6687182760123394,0.6569945199086997,0.1641648125331598,0.0,0.044546860438787125,0.0562442865156506,0.06653094833440482,0.018108647455128243,0.029075310649370214,0.0,0.015501631614472895
0.8970588235294117,0.49502753235003333,0.2899730921224549,0.6935672058191977,0.0,0.18817294010139807,0.6932417696735752,7.007346078567216,24.687572157319018,0.0,268.8353009385241,257.85374288487344,30.674544724366562,357.79987601436835,0.0,19.80022735036956,161.55123478943509,841.3378948398413,346.27565822886766,0.0,1901.816818679545,571.9449493381449,1210.0665978411305,2622.0836490361207,0.0,1534.8061987996389,6927.798305826256,3839.87078858369,5137.92318494347,0.0,1224.815017881981,9.59218596018671,14.722089899356009,1.5710008863098324,0.0,0.09864457919897877,0.4496560285691419,0.4687325582316662,0.03214482518760718,0.0,0.014938492706461259,0.008981627938676493,0.018076220107831026,0.048529187235121826,0.08497242662081506,0.0,0.046420996808954985
0.9117647058823528,1.4269567952319466,0.5213515354223092,0.9216262890985759,0.0,1.2167467403101755,2.3470886664316417,1.1281623194068375,5.883492787100168,0.0,438.8362849588909,1691.2977327923013,1360.4666567491886,256.4461625845471,0.0,713.0797820062572,840.897936016795,2926.879842630361,3991.368306421952,0.0,1684.9973459911282,5188.600614184226,1983.6767232305606,1038.3838737502465,0.0,3004.6263895612274,481.3341617909043,2707.6051544818615,2302.448369772709,0.0,2363.3477672636527,1109.594798991332,36.646655314786074,5.614438662731515,0.0,2.715155675471075,2.2349056394376365,0.24190976179738077,0.03271438078619593,0.0,0.019853403072863124,0.018348173015600315,0.017836867520183416,0.06910288584976723,0.11057982871084765,0.0,0.17650912996368967
0.9264705882352942,1.253374012078772,0.3247456586477316,0.1394862391096745,0.0,0.3944119668986556,0.8602304954000319,1.058207496894258,8.389296669444535,0.0,507.9576035172573,1035.213106143197,780.1989346877674,899.3970644296918,0.0,5414.989627338637,10168.433890738199,7440.574262304663,3513.0361828297855,0.0,473.7903483250999,669.0040003170349,1537.0324279426336,4235.744479376964,0.0,936.5147323997087,1251.4355736024434,1770.9314996374817,3953.5197931979687,0.0,3782.389195104891,1434.3199213477508,106.4058296538154,7.679080751598333,0.0,6.934503881867215,1.0264497900871343,1.222497700152819,0.7816957980539879,0.0,0.34201293877374617,0.1886497630588931,0.13609515943887926,0.05136576397078824,0.014973384249824756,0.0,0.09320316384502085
0.9411764705882353,0.48533650864840105,0.5504205795357513,1.6560413807535603,0.0,1.4729396559078487,3.684069946915032,14.243941319888727,1.8357834564714772,0.0,564.9782115718787,2950.2217991420216,2752.5036287913654,1483.6628981148124,0.0,704.713401627159,928.9842088183418,9897.170349458029,8828.080502294039,0.0,5940.222905318102,7214.924611237443,861.7534394153859,1248.1035667923638,0.0,3460.2684067164455,3794.3986403614012,3612.6590240714845,5133.331259434337,0.0,2775.871563538858,587.1039067120637,29.183611352545057,35.52067627363256,0.0,7.2827996755640445,0.9137881849639408,0.3203717625404321,0.5188712657357971,0.0,0.22744793088399184,0.014527864521797851,0.06634021020394851,0.03083403073589635,0.1464135330117171,0.0,0.07507159610569883
0.9558823529411764,0.2758308865148166,0.6727170820063734,0.4112563981510366,0.0,1.6522741032522226,2.7720322052364526,5.299323161006852,43.0836655910672,0.0,147.59060810880618,340.7067845200379,1530.4246249961489,4761.305695813471,0.0,5236.043983588319,1435.383398500131,159.92636157776712,1280.6763890337575,0.0,2527.3353046603934,3265.1972500807824,451.67603662442923,11307.137037971743,0.0,3081.503484788138,109.0105877162776,728.3175042155534,476.13681597457673,0.0,259.27472284881924,207.85904457102512,0.7668645482371539,12.810013733555966,0.0,3.805173549482379,0.9351599404445725,0.20067887810273716,0.030883370918579435,0.0,0.010073299010722028,0.0933327218912938,0.3747035792037885,0.0914545208004134,0.06489593784158551,0.0,0.0632001161730853
0.9705882352941178,0.36753934543047795,0.7195795137307872,0.7477872003819468,0.0,1.8661969031953582,1.9125907504093367,5.7242289738256495,1.1061246631173622,0.0,9.290205385111403,278.180541893698,1343.66969801727,1251.562359632071,0.0,174.24715973407683,568.6136891197792,169.51715170304462,2065.818808358975,0.0,8257.724635409764,17118.707302063092,20123.961182856794,16109.066605248376,0.0,3281.1114115195564,2973.7025193231457,16280.095685977674,8900.19513123549,0.0,402.938461771546,126.29154417095695,9.891694839972242,3.260076916215931,0.0,1.443975690203489,1.3290117925419707,0.5315698223765524,0.7058018395322522,0.0,0.1677516613647718,0.13427211308468395,0.0989903360563679,0.12363037444245167,0.17626945124484134,0.0,0.14514677418545818
0.9852941176470589,1.0957832197623874,2.6089207854851573,3.613646849388442,0.0,4.344553174299644,8.704079372465912,5.881474876068507,7.6312264522119815,0.0,21.253731054739685,92.31194042679635,575.7362308987433,1953.0560103000244,0.0,2925.379353773861,3480.841728811477,979.3125088959308,559.8072333140303,0.0,128.28140585705742,69.83482262203572,1077.34061956098,1346.9835930267204,0.0,1130.6895276560633,7520.03181140001,1261.0749019529885,7548.438358055786,0.0,6750.591314486577,826.3550327088333,27.522456215349802,23.27817680707353,0.0,17.515995495178203,10.123373185633497,7.90310761324791,1.800975319886828,0.0,0.6106312801378204,0.24226965475291,0.28128689746695523,0.40757292246939203,0.18267836796919584,0.0,0.17154860956822948
1.0,0.9257165828853511,1.0454115509870885,0.653124550228153,0.0,0.24286290806589342,0.9766296452262259,2.9568367616610693,14.908960053126156,0.0,37.57928360453603,112.6692337126882,631.4087108734195,243.4100220882557,0.0,442.9643361707932,529.9694388711368,4347.773539406101,4193.642333300573,0.0,2828.813559724591,2135.9917999543654,65.84013456999917,3140.0492817304785,0.0,5445.640218864706,7155.7836120102875,139.14370276155455,179.04105595035912,0.0,1483.8728980691772,1070.3754227535437,24.312968293684726,8.092300995304925,0.0,0.7875597539077992,5.589771491782251,6.909516405989208,3.797113562614814,0.0,1.0450731753328253,0.5793500572660977,1.485369819617521,1.6913983691796477,0.6909284725594469,0.0,0.17978047209452486
1.0147058823529411,0.9314908190334845,1.0808028140442314,0.7584891219290285,0.0,0.42157802027786134,4.110111784089831,1.7878637037198706,30.01009982440452,0.0,6.104823710877158,274.4866040844764,219.74941775726637,216.3368758277624,0.0,759.6909665518477,3218.856814873977,2848.4395152582547,1023.7164833278,0.0,1319.8127987555017,633.5448248548105,218.5993495159657,4139.02158572907,0.0,3143.287147207988,878.1566544212989,386.7480428089244,1395.141599486842,0.0,1051.9641011339877,763.4829421417842,35.663557831041445,3.418997804919285,0.0,0.6439714304950009,0.4699162598953993,0.44080651759202194,0.13454711589376472,0.0,0.4209744087920294,0.06698438100475532,0.010620558170837019,0.05209942044137776,0.20777420835500438,0.0,0.1348203883153189
1.0294117647058822,2.547221023734939,1.32628942400666,0.4218467358762712,0.0,1.3842400220807005,1.777596070937143,8.515413942604555,13.335831425370035,0.0,31.43978447776332,65.04836197136889,17.776143142220683,297.7759031150967,0.0,10.693862853301766,506.78270772412736,372.54288956043956,46.53162093806922,0.0,77.15350613067228,1230.428778980956,1881.9666465062637,1612.737665342598,0.0,1204.474474202796,2073.5416974419136,1119.131369575011,165.3250770132023,0.0,1134.5332246263997,77.15176221315986,30.438854044435935,1.0834655568710896,0.0,0.5918110597496817,1.550768428891753,2.261803724858539,0.3201213874088967,0.0,0.1401380683727641,0.10645401627748136,0.16799253565846617,0.12923928571895732,0.0668814023252218,0.0,0.0662458522850984
1.0441176470588234,0.7100861912949427,1.9628285302258874,1.4872160883872518,0.0,0.6685300188927483,4.037208822069727,11.600834585961056,74.62787933026428,0.0,44.567919242713074,70.0707730495931,53.998756016542885,90.37860068756956,0.0,401.9255186608124,6139.543062490013,16641.592277394597,23020.551406873477,0.0,24839.309679743197,8855.032459613387,565.9091724980519,6484.266235941268,0.0,2016.174991405329,344.2131593200803,3733.384386552849,4108.919863861638,0.0,727.2472045342286,720.0739826218194,102.63297773651803,24.139178110722725,0.0,14.360738258415068,2.7231420182874233,2.2423227357984366,0.10922086755867458,0.0,0.6223460671844834,0.4320379872981722,0.12815857759701388,0.17965597897831748,0.1725173582104802,0.0,0.05998139347619233
1.0588235294117645,0.2555047104430362,1.220048170413984,1.388950787330322,0.0,1.2201829597837806,0.6487366740331061,9.625301118356711,3.4152784226831985,0.0,13.44082773513761,99.4392402166236,817.2614471843717,3605.574581811733,0.0,2928.0304118364647,1285.862250731332,2463.8496501943155,505.97189786573455,0.0,1896.3317819625763,3932.587608160211,10015.23671777637,858.383968197139,0.0,1640.5632660068027,2113.154414379497,5243.859268377566,2696.659295299598,0.0,1104.7264909602777,423.25416956557774,108.68563502703947,4.771589988822594,0.0,3.485902339658745,0.5990732203554576,2.3506467873384853,0.5712859546415758,0.0,0.5433159178791406,0.6885202114419663,0.15003786979343817,0.06797136243186874,0.010185985462962191,0.0,0.01329013766493347
1.0735294117647058,0.29325776992188657,0.4123872987040574,1.4302878725903887,0.0,1.8533232804238693,2.0450964766620854,7.0771220323717055,11.1597760159002,0.0,122.56232133288123,282.8107136307391,415.1128684414156,45.161760003839575,0.0,393.8084296087966,104.97164953854627,117.94304378098049,378.56132317940427,0.0,879.5179870942943,3776.380912092318,2331.672479363457,559.7671324389743,0.0,1946.6637614994754,8966.182629915756,7758.282684852251,6069.856001158683,0.0,6027.158412976377,1020.1090237204694,2.1045464064353796,0.38103288785378997,0.0,1.8793623094882648,2.2703059588618073,1.059663841086333,0.09454227403251127,0.0,0.07067401737749025,0.04049212286161434,0.053122832602968226,0.03357850238581941,0.12713908435180699,0.0,0.32791106274519927
1.088235294117647,0.9549406690307627,0.6880411631632317,0.5675400124885354,0.0,0.4935473149858037,1.7323909654059648,4.009714266824627,89.60318461637738,0.0,113.06986450844686,894.2020436617528,1681.2798528491714,1684.2183592340202,0.0,2114.4328146893595,1111.5621366616317,204.65863892412506,804.2415863479287,0.0,23.111362728635765,1160.9144995041606,2177.0749566964105,4264.751143199943,0.0,5100.278402861064,3553.527656243817,2290.296250907563,79.48558664410949,0.0,1560.033017255324,433.3336326599026,1.3646022733399876,1.300480568634698,0.0,2.301992618642523,0.7434133050524627,0.2674877017530869,0.13544891779727164,0.0,0.08300697366451924,0.18364239964369009,0.09340823919641209,0.05574876757316469,0.10631922053808571,0.0,0.23499331039445678
1.102941176470588,1.2058687891442943,0.7048952850431659,0.9106610496811232,0.0,1.3662031020374097,0.8356845273560831,5.941435278052317,93.0253316688447,0.0,552.76289840905,19.860934651941726,3237.785914617775,6277.866198769125,0.0,3916.429666891094,4264.4773833518775,1554.519040993481,3638.6931865541474,0.0,278.18898857546213,639.8214765360251,176.21938422268227,127.60930197225699,0.0,678.8218498846226,764.073865402702,2539.861306546241,1634.9826288248778,0.0,3975.1948144163075,521.6056497077477,6.09352198698822,3.590548647974468,0.0,0.44824507907993894,1.7566240725826758,0.17225968341407225,0.2359795215149173,0.0,0.20656949124156265,0.16878480273531002,0.17957977773016262,0.016490752081648637,0.04148059869302739,0.0,0.06932265363881282
1.1176470588235294,0.883117099480357,1.448873470339926,0.8947138116779745,0.0,0.9919968370437013,4.214972237312973,19.892436944781984,5.142432228159033,0.0,203.59964428087417,747.6570658545104,432.8643323455342,996.2407160270136,0.0,3824.21265128857,3381.754994020204,3026.3071933881456,902.1048138372535,0.0,742.1710954130779,973.0563049627303,208.9727870749553,189.3316706873083,0.0,1699.8450595437248,4505.943307305755,200.97182037332672,2245.9673430958164,0.0,1712.005596357305,252.39903350626446,7.407000954997418,1.0285225434799927,0.0,1.3433507359419694,0.1598391572698059,0.34282376363013345,0.17848191893608686,0.0,0.07109230897310587,0.049844083183280194,0.03056928940212293,0.00909028545001453,0.012309648429726549,0.0,0.0029022073750761376
1.1323529411764706,0.21731814837877778,0.1522764885905529,0.7861528506407138,0.0,0.5581445651747992,1.071714030970126,3.852583091365803,15.389478636151846,0.0,18.50898281940684,71.66788542817419,546.8098250563237,236.88332810723887,0.0,900.0633797530738,796.5226627349325,189.9079963862405,3262.6220865669193,0.0,8774.366377649614,5838.946005719377,592.7444661051285,676.2173677429068,0.0,1968.4914477752818,1715.0228790906986,11626.707684250374,9050.295646455048,0.0,1329.792218632324,11.09759579827109,6.769794115809837,0.5574476658844194,0.0,7.913483492626069,3.5039021685577794,0.47859665162324977,0.0715357752854959,0.0,0.1037349953663747,0.25102137133283825,0.1342248715725788,0.003858510333073588,0.02309790123709203,0.0,0.06658121149127849
1.1470588235294117,0.647962054532783,0.21827984433216843,0.6567151692780087,0.0,2.9669431832200606,2.151309335249874,0.40473292177329134,2.8986468892150485,0.0,38.444252774753515,68.64494825522355,432.0315743417043,931.4755727813739,0.0,669.5917152358127,309.41755614523305,2904.651284732904,1436.349951395519,0.0,517.6542330066467,567.4025416444516,5555.995167288029,12908.515185599646,0.0,11998.44703784021,14523.988287290136,8685.715366485376,603.5254508507621,0.0,4140.774636723892,431.77774160969614,4.928555319892562,3.6186629703403232,0.0,3.520975618173364,0.7016634354670674,0.23895144398648932,0.7330815216794884,0.0,0.33463121627186987,0.042314960710764904,0.06025999715058176,0.02264908538735331,0.04839361694733134,0.0,0.14681397534450738
1.161764705882353,1.3626284685960535,1.3484640080740886,1.5748744123345337,0.0,0.21870245409247852,7.98765913692197,16.43391747697205,29.495840702524227,0.0,139.08242055181483,398.01308960875645,269.3652949564456,127.06004313272119,0.0,268.0159720540297,1164.6826368162142,2086.003975049092,2390.421412353625,0.0,4269.531815550743,5553.0283592204,3291.902265404916,4381.978403849006,0.0,2512.053338692367,3096.6470810310243,5804.047336303169,413.8041511930115,0.0,1472.8426130456194,29.445613195608395,2.1093271619850036,1.9439222809709071,0.0,1.5639246025143654,0.26394597956536,0.012359483647822592,0.14406990743513814,0.0,0.05714310676926177,0.01644783842232933,0.06277374223196196,0.12594655996986337,0.07897089236417955,0.0,0.027468675403668905
1.1764705882352942,1.6139057856769643,3.261819929551609,4.3817807033222165,0.0,1.081125435268473,0.32996680520926147,0.7960555022482012,16.62948528083008,0.0,78.9932489258639,146.79901869528413,72.43590826184712,152.7943245745185,0.0,113.0183094565707,482.61492394155084,701.7862706206087,6812.0540455400605,0.0,6583.837115630949,76.86714068209457,4105.479199199796,1266.3201104117843,0.0,418.5397588421518,1854.0517982561012,11453.196023877725,14740.947896438105,0.0,3113.6024682549755,92.62888839819067,2.4993493209265063,0.36436102380414825,0.0,1.240738834672661,1.888976201437135,1.1629944319814385,0.453667075435796,0.0,0.06250230785911022,0.04571885169325206,0.08027569456854682,0.029140184060306815,0.036151039077275626,0.0,0.1343618276456094
1.1911764705882353,0.5727484128960456,0.4561995067817924,0.6625482683980197,0.0,0.1556691095793583,1.3433011348614494,2.375468485863744,8.601406081476856,0.0,38.48196895952208,39.22514828427806,57.34215009803184,225.65739167220949,0.0,2491.953410346791,1024.2213193970113,1571.145808297985,4352.7776320703115,0.0,301.0298231306989,1818.4669050493826,2557.5965813559214,3508.4464710081047,0.0,6997.053146079334,2661.8577676029427,3891.843429275365,204.91712191563192,0.0,729.2531164058587,202.76627210459515,2.3529815805713117,1.5150371275886738,0.0,0.27233104595063323,0.9337331562605349,0.6197297447178497,0.07392248539939762,0.0,0.06325584759458032,0.06541190046055459,0.019067329325947194,0.023957087058735865,0.022502964344729613,0.0,0.009346859563332612
1.2058823529411766,0.5206365802795845,0.37915917552051664,0.4243567936610638,0.0,0.6093122581792618,0.4341449197373105,0.9077593734325874,33.988400153876,0.0,46.32544272614274,45.840037051876614,398.3120994966886,488.9348607082843,0.0,471.74326896324214,3367.9559151111125,5095.12394485052,4157.238516593443,0.0,4696.187607063921,1868.4596112154445,547.2330659780408,4503.763449540352,0.0,1435.6913725252277,3854.025508742594,3527.5314170660813,1453.9920614362918,0.0,748.6895710546132,285.7497200503085,6.767052869103251,0.7742210500331715,0.0,0.7039483948375107,2.1423237834350553,0.7482537326764922,0.3464810549520772,0.0,0.09282113045761564,0.05486362235448239,0.03755899092835914,0.1583609441845673,0.16124056116816426,0.0,0.16315995013797252
1.2205882352941178,0.8608961169109473,0.5465087273979442,0.8752810651772367,0.0,0.28353995926658027,0.5420058199666831,1.3335165757529004,26.77236282557351,0.0,66.60137615143131,23.441175345099232,14.167404957341867,183.93401380680695,0.0,613.370637124811,820.5933883399339,1376.0134760324254,1330.485206075923,0.0,3601.142448065181,1311.0142707663704,2777.836748783003,2039.886910437443,0.0,2986.721157311703,1656.3195472759062,4940.373308658654,1351.5050302011346,0.0,768.295724316273,471.81305962490364,14.471039566743968,2.3773392855626296,0.0,1.5670725668895111,4.0269478524056,1.468074478032995,0.02137854042157949,0.0,0.05945858946710851,0.05972677707220522,0.08789280494280041,0.041710205205429826,0.028692588612395355,0.0,0.09006093069375187
1.2352941176470589,1.1237216702309052,0.6280934943501061,0.30627022925496566,0.0,0.49404281258020033,0.9980955440747415,0.1431424840578704,7.399033447805306,0.0,53.19919925306755,71.68175293298928,175.4601542614704,512.4745341945693,0.0,165.87328120608714,1731.6332186598784,5442.829787281429,5950.635726240087,0.0,1519.2643157072193,2678.4711747760803,7333.374918957704,1414.2125689067798,0.0,1109.5510875270309,137.92800820743744,2394.7440132813053,1924.1944114867488,0.0,1215.586996274472,551.2276028674132,25.237961255670356,3.112858345181799,0.0,1.3194440000148338,1.4111852036134307,0.7216580911652737,0.0741272793766714,0.0,0.12300926818202207,0.05688138053111444,0.31710933802991115,0.4047169287278578,0.043114824520103553,0.0,0.0996698756217382
1.25,1.243907768873694,0.36431739357520393,0.49878394935058434,0.0,0.2700468212155043,2.4841774237013494,24.52734197303451,101.53212146730328,0.0,163.09345724159812,228.71706807027294,86.59984920357704,801.138078866873,0.0,777.4953138922098,393.0162444976405,595.5272347024766,811.6685155699896,0.0,2129.318506871918,995.0235534922897,392.97410657847337,1949.970439256033,0.0,1377.1794414291928,1148.1753681549421,368.56227757467593,1545.2056446786062,0.0,272.6454919795392,319.65947260145674,52.682589491041654,2.4044018524280397,0.0,0.49985238867871573,0.21787449740648693,1.2567695960103742,1.0131585910039398,0.0,0.11789444359981857,0.46423786350475504,0.0926552737080826,0.01578345646323312,0.03621476487747968,0.0,0.05307580409517615
1.2647058823529411,0.9262107306511598,0.4163010463140285,0.41641000030360925,0.0,0.6418100183817476,3.845439073953091,10.04058161261332,28.897841574555358,0.0,14.154441068877151,59.61601717772679,589.0314323709786,233.0095742418644,0.0,1806.5626672721555,880.8161692170842,71.32487125938586,601.1011064277352,0.0,505.7259769393605,336.8276653692429,2356.3893300533928,2689.25529863916,0.0,4042.286696202593,4779.89975849114,7591.855445227019,1362.073681858159,0.0,1197.7623588747344,166.35386773679022,10.068307086060738,6.698504631194337,0.0,3.7449615871354767,0.6782708532315829,0.16248582857609073,0.43900951203607497,0.0,0.08820974355486003,0.15763444625525003,0.2045526294741766,0.04092384128087684,0.015031986268315369,0.0,0.029883635331311373
1.2794117647058822,0.3125234897997195,0.6925031698501409,0.7016127884384342,0.0,1.0956079369045024,1.4384763805212732,9.939680871768342,20.1074301883363,0.0,244.5369539671916,65.70371879642012,418.2913478637561,65.64117102073533,0.0,358.7783538968515,107.31998544874584,259.8149442633124,413.46747476003463,0.0,2231.052257919304,911.064044535342,381.0204239854528,3359.5936936455423,0.0,9525.930763460521,12238.788321872413,119.62610743350871,8811.496776769918,0.0,5429.378865068021,473.0777819551818,4.169581507173298,3.1438056847767246,0.0,4.590465898125621,0.8852895973820312,1.06409913273938,0.35531949075804553,0.0,0.3093657871184578,0.2546859487500248,0.2725427246274341,0.08011124391248764,0.03982892576072086,0.0,0.06377798036980512
1.2941176470588236,1.2106849592423174,0.3732241588447469,0.7221618595378992,0.0,0.9262262809844728,0.8655527676323996,4.211879481276725,49.19558574848135,0.0,346.34944870416496,322.4015526519223,1708.8452762740544,899.9945228858141,0.0,1292.5827876774624,2914.0311170203627,726.4962056748325,1425.3839873181996,0.0,4862.008767508037,1129.2710462206473,10056.279743565157,10424.308972147131,0.0,2046.8253579181883,584.1112139056878,3769.6175871516634,5537.755293948167,0.0,4167.108143529754,1364.4196924802566,14.475195898275707,5.993652558203403,0.0,2.970373275362414,1.216913138835083,0.38243029944734624,0.1693637281744924,0.0,0.12807415468727917,0.06261084949626604,0.040385624556281384,0.03974897038434762,0.010625179170669468,0.0,0.04791430454507923
1.3088235294117647,1.4407966727621384,0.7173781047122356,0.8659865469828729,0.0,1.4859460377001008,1.9474186007050327,4.146677159351618,121.20000416277963,0.0,209.21016076041764,106.83585244616728,1323.9009896299399,5005.319954576391,0.0,2617.175528681999,472.62921418558705,104.94794448339196,1833.4784154025012,0.0,331.8467351282875,2334.8954002199816,2131.768758011279,182.09584812863372,0.0,864.5495333239123,617.2690007771206,1017.2942719801936,5849.243964994866,0.0,1602.4473723754904,119.4243558243409,56.15868475361046,1.3106846459232524,0.0,3.6572718905474657,0.511354186084167,0.06880471947933837,0.23077356820827327,0.0,0.12973865972555967,0.044441726836063136,0.03831749572761972,0.019756989320742376,0.011398561395329047,0.0,0.027664815599710846
1.3235294117647058,1.9218217422555839,1.0956366983525667,0.5841195129262746,0.0,1.7285605777559132,5.401018467772249,5.313907240138024,54.37374104990293,0.0,75.47496241269553,28.780485771925832,147.62150975176345,563.5971451603904,0.0,289.1373585779777,870.271879427303,842.4032271421831,727.5743294249711,0.0,83.88857938593469,55.786064046405095,3878.057175164209,14118.156261407192,0.0,10964.066516504081,9066.391209796537,7672.396893423556,499.4229369627663,0.0,1287.3507921539428,351.14609320594366,0.8695352897358104,1.555817347566092,0.0,1.0042718610145245,1.5951392697766504,0.582576519049504,0.18672614367993257,0.0,0.30570655666186675,0.3428839042406884,0.16407126045285259,0.05342483627580366,0.013539821157840765,0.0,0.023248019624415313
1.338235294117647,1.2003945679239825,0.31134572459773313,0.5980289271369901,0.0,0.5093048941581401,2.0108252468943224,1.9026561048338637,22.91595359058248,0.0,40.393460196291144,60.453034507718954,127.91194201013103,546.9179688722046,0.0,511.7261963255451,573.8960379522509,53.26440401389432,2760.340272398928,0.0,6274.011703375829,3362.1900748139265,1189.2306358710198,580.7243520230768,0.0,642.1541747479707,5034.352234160695,5144.592429298929,4650.968728479221,0.0,3021.6491943163874,158.96565294836307,11.485008424542478,1.7250638380095202,0.0,3.021595128676215,0.5842129105181887,0.07850154357011405,0.24254612858856645,0.0,0.17331854139395897,0.047329874823615524,0.0723355388389447,0.042949895764584266,0.018159335863220417,0.0,0.016907515991156013
1.3529411764705883,1.0900196141867862,0.6862927316598465,0.2756389655900602,0.0,0.532061521930537,0.9137939040723306,7.861910729495968,124.94923164378355,0.0,128.50477409136727,31.873676889423223,83.63290684234042,18.059420209484927,0.0,521.1337953670205,1755.3173867038668,656.1284117193563,1022.8773073947344,0.0,815.4187311082117,2202.653563969314,2629.9943505781393,4146.432066295518,0.0,3634.5320402018206,432.95242846489805,2225.2803547301364,1989.2552163447358,0.0,1522.6361404643053,201.61242173351138,10.045053252471417,3.7270816212697904,0.0,3.045591958156879,1.326142668989041,0.32590009488788557,0.06370300046385102,0.0,0.045231422231456694,0.03918369480951367,0.13066526826637329,0.1346544683956594,0.058004683595530855,0.0,0.017162686460015158
1.3676470588235294,0.28820105507842597,0.5083881535829701,0.23664282892338304,0.0,0.431758253812566,1.2261363919467312,1.501857903870036,5.696159202540166,0.0,89.94424238406316,439.6995373289812,514.6460885476529,393.65071617904914,0.0,379.0619579082786,84.58087426217466,2197.352140818789,1239.4483031112384,0.0,1219.658751669661,2454.842795057955,2518.707891467555,2032.6624813440885,0.0,1944.1246915764114,3737.3353664638566,2895.18096410831,3936.496280569707,0.0,376.81813659635077,61.08249880980432,6.199761239131254,3.1980877333780096,0.0,4.685810280889234,0.9015001115530029,1.2820602815215305,0.3562564164624507,0.0,0.06425072381940503,0.08928135614689037,0.08023895338407103,0.010647120895098292,0.040221774768228705,0.0,0.03971853862188105
1.3823529411764706,0.1982536876941882,0.2642155809617158,0.20468850747367592,0.0,0.5353023607755149,0.5377999166537251,9.504519652427444,23.54575989124457,0.0,59.86843068666933,7.159134556452424,174.65972968490547,382.1014636773636,0.0,1300.862006459344,2669.0872356033406,1393.1662085149223,500.28751084490693,0.0,2468.2161904396826,3058.0347854955867,1078.8433025738354,240.81792163317522,0.0,878.8173530557326,1054.8464040229076,2626.9109456093584,1918.2451347326837,0.0,967.4142957509542,168.8658139055518,1.0894791113969369,10.565093926056598,0.0,10.830614769844914,4.140485815692288,0.5223846888486783,0.03417728518619023,0.0,0.02676513096622519,0.10507775598525114,0.12588346733573838,0.10935784279831796,0.08087454698200736,0.0,0.02244531095764666
1.3970588235294117,0.6698814196705964,0.9112402834608386,0.9852825760787638,0.0,0.9493123795142273,3.1359984086982755,3.49372218725446,58.379260543156136,0.0,188.4169119271964,160.68243384747336,118.30563893791049,942.060897049154,0.0,1241.2777614186075,892.8573439518062,2615.6316137041376,5324.616834546884,0.0,5553.979392411309,7361.437228306608,12646.519543655673,10824.974356632654,0.0,8198.35715908866,1775.9012148008203,479.5121851800137,303.76711421390587,0.0,404.024152939321,182.99853540138895,2.719597318092175,2.6969295819403003,0.0,1.7587990705080665,2.9059503376616975,0.13507786609637115,0.21646995296626376,0.0,0.07609340037373502,0.010217241520684461,0.016293288886381346,0.07387623156533239,0.1707969783112122,0.0,0.14843848769038326
1.4117647058823528,0.8478295970183882,1.0212710043082143,0.5382370451027357,0.0,0.16381278678677622,1.3291778901987068,5.31163111715348,21.628200714735932,0.0,35.54599094657905,412.62321156830745,241.00300750151615,446.3191587987082,0.0,329.042216573994,2677.1889254415073,5110.7511957764455,1409.3628652036928,0.0,61.685776481605345,634.0469559387175,266.03486120813386,716.7968073952549,0.0,178.9780322189,3049.301456603226,8150.152621263791,4844.645320928204,0.0,759.9655019712593,93.90412159717826,7.801407056400623,0.5321222188142579,0.0,0.05752562339753285,0.16714727970109855,0.35076569346272835,0.07621731398235601,0.0,0.0363956707792118,0.006814513232558601,0.014197870286865925,0.017868285499393795,0.012104030044870703,0.0,0.018601698663378602
1.426470588235294,1.9652332810439344,1.0225490586553723,0.4494946005106284,0.0,1.2041449797373627,2.984810430585143,9.307688894045821,5.367063048482196,0.0,157.27530555025544,95.3584409149409,960.5287880848146,35.48306126977498,0.0,2230.7019503319025,1966.6065756060175,908.99769991171,327.7186181879109,0.0,1765.483439609937,3324.6688462849456,4658.723123524711,5797.539581490237,0.0,2417.4625659794865,8144.071366254795,1128.8648847318511,3884.5799990037203,0.0,2108.320622461763,110.85669925208964,3.894080063105794,0.03307898426492789,0.0,2.037768664816696,3.916568491586849,1.870407222500472,0.09483005607451891,0.0,0.2346484181596523,0.18886942967620307,0.022073641323965484,0.04952376396327553,0.06917129014552459,0.0,0.007957148822507067
1.4411764705882353,0.7937443051376264,0.23818402649143627,0.2953950975199101,0.0,0.4991388858877208,0.7242215667747024,0.5810098914549262,34.308439448591216,0.0,466.59500121717167,554.0305533959681,27.96439335501615,591.1796907122045,0.0,170.69310890836329,596.356343263705,119.0090567330792,225.45788418461862,0.0,1416.4530492665335,1331.5475244029444,2269.6376230474725,1445.6088398416252,0.0,1141.5754113701068,730.5155711877925,6606.629305059366,2385.62005355117,0.0,1569.6027774357694,150.65272961050658,15.485203094833267,5.702695794371984,0.0,7.024405169616059,0.883801274208171,1.0179172974081845,0.9992935108484673,0.0,0.0792204318469778,0.06861833290411201,0.05369282799844677,0.030553688478530946,0.06386597076220474,0.0,0.11569591891303042
1.4558823529411764,0.34842331507227403,1.2067296745836953,1.268230612014144,0.0,0.4974754140250601,0.913461747186826,10.556698980168129,28.943004453159958,0.0,63.040878446800505,103.92150059563497,110.06523185437402,80.83486399968439,0.0,76.41901220936117,420.45180778186796,1407.8978517475875,1796.88047804485,0.0,2636.1265440439383,1664.887138863972,1358.2850380951618,4610.007418231537,0.0,351.12337769665623,7786.928223589253,9869.39124650342,666.5967906569897,0.0,6914.919960410202,1378.7022883224395,30.613502491160936,0.3019803935699479,0.0,0.2515588040200911,0.8707583196299976,0.43844833346769924,0.6049577341158926,0.0,0.31529014684134593,0.11516390845551869,0.21084401229764438,0.0506622527293558,0.02224610566621337,0.0,0.03837436745679972
1.4705882352941175,0.684926343783862,0.1991594913812264,0.9690286895549862,0.0,3.3114682940280753,4.169725911262535,17.914195414738032,28.78166734182747,0.0,34.01767285747462,145.28386602899596,124.20083396530053,60.44408864067962,0.0,219.89585369609375,397.2379388475512,1177.579719552321,2135.493540067281,0.0,2144.4256668685935,1298.6902521015857,1099.1564920222859,932.806593497878,0.0,2919.855347142518,2998.271436376597,252.34048423098682,7032.736168225905,0.0,917.3962248442846,359.1287158389423,26.103810535158317,7.389991082151231,0.0,1.6209712727481014,0.2696947903316377,0.27026292899124915,0.06868424948613297,0.0,0.10671690829173561,0.0521299315200803,0.2593698693533217,0.25316043336100136,0.08600294490242884,0.0,0.032218855133128964
1.4852941176470589,0.4681123946429541,0.5286821848216394,1.1630597100917037,0.0,1.7039104669749745,1.7637455369615105,17.033160241577843,18.84367030203241,0.0,6.685248372519753,159.91538270913608,837.5281990889555,920.3195475877505,0.0,1060.2831456608296,337.4960109336064,3165.2804861421646,2653.9900821873953,0.0,2624.6633318499858,1052.1083039780865,326.45860085980365,51.95884057337091,0.0,109.70284017959406,1206.7715416187248,2557.0830040437963,3884.4040104921814,0.0,2752.1499141139284,454.2414948987408,1.9924287513571515,1.1553235049004726,0.0,0.19888197407615393,0.13122751340386504,0.1657829725480095,0.04441957879965389,0.0,0.09500638466793587,0.20154315783213123,0.09117001213807452,0.03746557641837942,0.04709758603070127,0.0,0.011133551576595235
1.5,0.8705797726610075,1.4236728327878967,1.9471415535821985,0.0,1.1480530851126098,1.6432995691109302,9.580966285359912,6.072142739228876,0.0,12.580670813715784,108.34207639418344,774.5119595278712,356.4424527217586,0.0,5317.837101831292,3014.5312801399195,1520.1211841444945,4464.164853050821,0.0,1300.4778941427212,17.202133389048573,1856.6382957882358,3259.0181642435964,0.0,6658.097938960397,5936.752068359238,3945.416711546124,3099.2851088669577,0.0,1636.786300754,314.9288529365642,10.910224889183201,0.7304041586978929,0.0,1.479357513776189,0.44011672702418614,0.13870446089005262,0.15298622570348294,0.0,0.04120173940229538,0.05433712787600887,0.04856552332383065,0.024118075447493392,0.02792478179214745,0.0,0.046687943181055576
1.5147058823529411,0.2453039865939899,0.8348222864978828,0.8283721414335916,0.0,0.41978789582703,1.107940819022753,6.1046378334299085,41.28604986409961,0.0,143.26170598126225,70.06677111924044,243.03139870747162,239.6984650339997,0.0,1373.3937808427263,317.65984340205875,2972.9483375237114,406.2008303682323,0.0,2885.296024435304,8674.091863687778,3391.112290042881,2019.660169598763,0.0,967.3303572269162,907.3603802859818,2643.4119916932195,2326.7323536238837,0.0,2297.2410179105477,379.1236019527546,17.878294653076043,0.9199811292054372,0.0,0.5321728257654803,0.6236935731295352,0.6248931267814184,0.09347961141007591,0.0,0.038866490200155035,0.06240919672161214,0.033942844122960385,0.00889454553246788,0.029321614852006843,0.0,0.20649831268455013
1.5294117647058822,0.46863006030881377,1.696313957589564,1.6665638599216774,0.0,1.6436353549166256,2.0434946138457324,18.702234315477547,86.91244395401104,0.0,156.79439685426428,83.81285820278424,434.64898294713305,882.1722200864489,0.0,160.6550832772596,1604.7010363590348,1457.6788966007907,435.7016293598017,0.0,2394.9432002085287,1276.4652956087061,3082.729321565383,8376.85906195946,0.0,5013.939792866156,2364.010207978088,692.8484381507241,2510.6508916570438,0.0,4264.25605303998,261.6452707686787,11.573546669821287,9.331041249468065,0.0,0.255985238386543,0.5872799561794043,1.0509070661331943,0.44768415309321025,0.0,0.16305725000641996,0.15379960880516874,0.11735544554042396,0.2379857098591455,0.12979761065875184,0.0,0.09249238671695174
1.5441176470588234,0.1886414695609601,0.7711072077922441,0.6383331994881343,0.0,0.8992585862587152,2.7507168034151523,7.304406112588389,156.29766453293718,0.0,200.0026865917252,338.10653436456926,156.2783057718557,1253.3432458181387,0.0,1033.6935347708231,795.5501715519879,386.412829888704,1802.051617129488,0.0,4336.60644972865,2562.458583389348,1606.1199799599708,1899.8669805396516,0.0,1798.2115932106758,3017.661565881408,10051.623921579652,12254.737918439336,0.0,4928.063079354319,391.6111948604482,0.5439685778396037,0.7821595441242359,0.0,3.508807335099087,1.4060130422617547,0.8561683160985387,0.1760077595418226,0.0,0.4850332606366119,0.23408863975742908,0.03700626459842271,0.2040736243156041,0.06941052291585512,0.0,0.0599181264923628
1.558823529411765,1.4853252335250706,0.9542973470643228,0.6918209032545382,0.0,2.096799060034851,1.6119070541685692,9.812861733433142,10.810978321021828,0.0,29.959378000091316,52.323198626309,264.61062038764663,428.46726146327944,0.0,76.29604476807306,270.1190681941116,1271.48245774824,2370.8335436315638,0.0,9640.856366993974,16196.220927718807,20290.917754100883,15215.498336432604,0.0,10924.130205693042,2821.6379234662013,2061.4947981983064,1028.6678464529655,0.0,182.70812866047203,349.1929036267369,3.2395306539472175,1.00280829344891,0.0,2.4780031339990747,5.172434426047815,4.001630071424458,0.9082964946125001,0.0,0.07805148805482678,0.03289851932947984,0.01438038741169564,0.05027490716210639,0.05278625224678777,0.0,0.06797005763710973
1.573529411764706,0.28933697833306027,0.9333185650446987,1.1249115504026177,0.0,1.975127483360598,3.3307253351503143,4.88535319909168,3.5233215767555217,0.0,10.707056105341675,46.051860681122946,41.94295267413413,53.33446354212509,0.0,147.84514877342502,70.6505098577911,89.69209983767126,3634.057715372841,0.0,10027.113246789691,2373.4993487888587,664.679061715445,4895.311847897063,0.0,13330.412739791072,6414.160389923609,1256.9673005530246,7122.803035484476,0.0,5155.31904576015,846.1323057430382,17.80784813677804,8.748725659482524,0.0,0.873886027925941,0.5596178820585709,1.3089223615396661,0.14121716920044003,0.0,0.2758295628854452,0.061712010105817575,0.04877569386960427,0.14350439824217154,0.09777864452091473,0.0,0.16961348179397134
1.5882352941176472,0.34986653768908177,0.9159702288374669,0.749696216861527,0.0,2.2757983256143057,8.166556952886873,2.157833487998368,1.7253554989682318,0.0,28.026915519055372,46.90337186994935,6.17849782650126,18.33250646016352,0.0,149.88614902977852,460.8697626359219,420.504820319622,615.6588418173574,0.0,512.411183798106,49.07402623346347,6372.516521249299,5654.635455697899,0.0,5685.292044992007,3262.005206454436,6365.775891232334,1065.7383446847182,0.0,2188.9714346169226,64.1175506727542,52.474188711245944,11.39120741806236,0.0,4.185248780138956,1.1834736597487427,0.23441943459548586,0.5089592356140012,0.0,0.2139506890816822,0.17542214484820734,0.20208886237179813,0.10615561131169521,0.06693304636304973,0.0,0.06971485087105482
1.6029411764705883,1.5602388825109328,1.176602889955346,0.7738194928728277,0.0,1.0176151410800027,7.650096026949354,23.974898171980648,29.72355931185504,0.0,64.69448685024881,45.00931092249232,150.8021958419921,707.2829488130416,0.0,1829.5548501464787,1080.1498109170063,265.5497832985578,2157.2219791458897,0.0,9912.109919586566,9529.020481457343,2100.78583979268,7391.71127768285,0.0,8966.92807873297,3102.940949952458,446.8471783845557,5176.144557648431,0.0,3575.2190783283504,748.9348829802751,2.3447386473422425,20.6346871041628,0.0,3.940283458380353,0.9492036380296469,1.0361477751494022,0.5934178503501559,0.0,0.015850512732307493,0.06755603038265579,0.01664332055327559,0.017485638049326506,0.02115672879689535,0.0,0.026943310720333846
1.6176470588235294,0.2767556183101729,0.311217467229705,0.5588204411032629,0.0,1.2450743603324037,4.544024641896779,0.6493658087284007,18.15910126612787,0.0,40.87659793799354,245.04534990544104,72.37625287451141,257.7347989518925,0.0,482.29108156061574,4571.6047611386875,3620.1451514633236,279.35579463208427,0.0,50.68980412200537,32.70557990601155,50.58078802698628,251.853899331634,0.0,329.73294073222894,829.8732335834188,534.6397725733937,1112.0387785830515,0.0,42.87211390580618,183.93057209373555,85.068585460149,3.475562552797178,0.0,0.46000520783512705,7.359212873574103,4.451695935498047,1.7681127703556294,0.0,0.1473229615356894,0.22310754617280584,0.332951323242097,0.27926537685398667,0.25989348358067044,0.0,0.1553618736306708
1.6323529411764706,0.5544312458513881,0.39478250424476985,0.7677263103895129,0.0,1.7561929061481139,1.5572841427516726,10.390537987332461,90.86060867840385,0.0,256.4879954575529,111.64630459140241,155.5949017780934,99.76518380676512,0.0,96.95902951401283,44.90811066582377,5104.826325366344,10236.729507319506,0.0,4654.14304152222,481.32583852569184,606.3263673883419,3877.212179384126,0.0,5416.874042513126,2811.6315459371835,3055.529767001494,11816.893236015478,0.0,6399.649001473981,773.7132853468509,130.71468179983583,74.90300218725905,0.0,19.99944411504655,2.5877454162857543,0.11994514529707506,0.16509980173943026,0.0,0.16055311701672068,0.16329331293756386,0.010889170314589015,0.12316787001431098,0.09500362902794299,0.0,0.04126998928125743
1.647058823529412,0.6092283215013788,0.7129252930376291,2.8976231592060397,0.0,4.303924959233431,4.758001739121122,9.588323528453973,13.316888101344428,0.0,20.89120875418366,135.16308672268093,205.70222409503975,70.32891663102777,0.0,387.1779638267991,877.0743351264265,145.98755421669858,1368.112775335872,0.0,1830.8370621077088,3788.379103245698,4706.296011667453,611.028690695996,0.0,745.2446897252102,2250.005405761449,1784.5792319371349,84.29537210768629,0.0,988.6449804095412,27.56074185875076,15.915819835914569,6.3979183472227685,0.0,2.9750477364245276,1.8718981296762032,0.37776009373282754,0.1350920634212681,0.0,0.11567264355279226,0.19871228009859643,0.39064143471619656,0.31350739032054264,0.24451227060744282,0.0,0.10584664817141318
1.661764705882353,0.7138801565156505,0.4470132468330665,1.691537386830374,0.0,0.8715258605673365,0.5520499770778005,19.954851813285064,91.00482365134553,0.0,158.09222805655958,187.64501081077742,89.20761602912475,1301.7184493055704,0.0,2024.6989448819672,830.8748803206781,788.9486385377561,1472.6682996889244,0.0,5107.724946662982,8805.096521857678,8755.292508156828,1655.4582215046853,0.0,4395.479307796814,2366.1916036154853,994.3455211448681,589.0373582503697,0.0,37.92414445447214,200.12650657745957,44.089954567172235,17.81018846386778,0.0,7.377137666625613,3.038366201156344,0.2685840816193116,1.3817916803753199,0.0,1.0512327240541433,0.8184683628691899,0.16995027481545183,0.2289190327893485,0.25881019890482604,0.0,0.142532941064143
1.6764705882352942,2.767429719546933,1.0148274867084028,0.5624237235955407,0.0,3.2953128251515817,5.736132629642912,7.142537367024967,92.4460814106334,0.0,433.51814224620745,196.51636477294608,372.6152409657958,590.4698608462212,0.0,2151.238577564476,4060.9599025162006,1509.0826178737643,316.54066314450347,0.0,1129.66620547184,994.3092131848158,1237.5975667101284,585.5975646686987,0.0,848.6700983143742,4650.701283300115,2549.1970398896756,897.221788300985,0.0,871.5675500824148,211.72245310653724,30.350179309423922,1.619392437646102,0.0,2.4843234547676207,2.259850378783052,3.8978485103648954,0.4905670864386077,0.0,0.08272184474436707,0.043992784385032555,0.09138245124166987,0.08743441124012377,0.0232435447961601,0.0,0.009162371503124421
1.6911764705882353,1.8703657655707868,0.686619590763414,0.2434145620303378,0.0,0.11597855051248401,1.9117466714817488,4.460829196104271,37.28510130278438,0.0,381.68035603327417,478.9663424180561,204.0600006270098,194.6104295136263,0.0,172.93964168824073,1891.3852492631977,3341.0584665286287,418.0568412813112,0.0,320.8822618792077,55.97778915715574,45.81570195985915,25.74372366320618,0.0,1207.401287685071,3163.422088156254,709.0835357579706,960.1340833541205,0.0,2039.494394330115,148.45507436311576,16.62074475134765,1.526592345810915,0.0,0.12030641855872123,0.8068068024446591,1.5114934673143363,1.110804593742106,0.0,0.11034723057999576,0.06928792616174159,0.03720085943471518,0.02416727216349012,0.03298719470465197,0.0,0.09211085772297413
1.7058823529411764,1.4928942358789574,0.7920616469456028,0.40169144728387635,0.0,0.48730621325225465,0.8618075766373692,4.9635734929503545,2.5884927978127825,0.0,101.40763114613296,143.1235165632971,41.09957120818616,115.23277598158032,0.0,327.91703877836494,273.8655074237819,3662.041436305739,5601.050711028825,0.0,5232.057899390445,1803.4406341382319,169.2229710846687,215.30257721634825,0.0,14.16908899243707,1705.3188099248905,979.8500535757155,2711.242003344888,0.0,2809.3551966669374,157.99297015075246,7.732838890563313,15.011681194903503,0.0,10.436596975052254,2.4504522733469307,1.2485629047699154,0.5286924675668063,0.0,0.15790000347461247,0.04291447904198621,0.13773654367775703,0.025690415381201204,0.059962852008078285,0.0,0.007331968927859527
1.7205882352941175,1.2674672918922827,0.7618383356491419,0.7500290637160449,0.0,0.34066605451601967,1.746956602053647,16.650926411809447,24.581889852671736,0.0,41.201332212199475,211.6579935235294,200.09335718423617,233.59794655655466,0.0,874.12016685357,655.1980140882752,2520.4657028284605,7352.522327186433,0.0,5208.1301332007915,1075.1364214138025,5926.109776438774,242.8557427525917,0.0,7179.429390639276,5470.8141534588085,10050.496567268267,5714.97032633267,0.0,1406.0825645755685,219.55439448368742,1.8929978852860327,11.040382006688159,0.0,9.692404774710683,1.9196969960653703,0.05436929592633197,0.1523943872810969,0.0,0.20433919630547653,0.25051015688768397,0.06667442686467975,0.12503701803288897,0.06900224432615429,0.0,0.02302042925378812
1.7352941176470587,1.2257155898224108,0.3445135429707588,0.6960385997575752,0.0,1.1759980382526523,2.41874986851683,7.95456278233131,9.921327381025481,0.0,9.23967398299691,81.0784828362593,31.981369071712997,215.7761533461146,0.0,300.04078374889696,1790.3367558381806,3.7320641558638803,467.0688190298267,0.0,3172.525601622732,1084.2127867478912,4628.5067440269795,4100.133432391185,0.0,3411.724884184133,7632.75961572071,266.1563783680362,3769.306815038516,0.0,2917.2099985550913,769.7043280406197,48.662364495523974,1.3143634026430089,0.0,0.3357727229872717,0.31608054655848616,0.36425025164553065,0.08891772575499018,0.0,0.10303766921912233,0.03208608339967701,0.10818482828166019,0.051117976171725144,0.05605884042375372,0.0,0.0810692945404237
1.75,1.0798213115845603,0.9087719033226827,1.9360779569199487,0.0,3.4857104164652397,0.6479127809888763,1.6236016541038696,4.500801778629909,0.0,100.63128213176768,434.2817199228758,47.64556227230358,325.3841407271607,0.0,62.54389260291093,1654.4567623603998,3673.1558499531247,1828.2497603546951,0.0,10.473334486197512,972.1281631989261,1784.5026003824232,4119.497050639303,0.0,8303.294708855887,4099.604111154478,3720.005324445872,579.6968762197894,0.0,85.0858055191257,166.48283679391227,9.52243265108584,12.078980858686124,0.0,1.1368046758028465,0.911120532363227,0.5132105714849122,0.22146318039468924,0.0,0.28587612598377177,0.5897622684798198,0.5758853156829692,0.3042856212229328,0.06607064544897015,0.0,0.10046560549032438
1.7647058823529411,3.785142369183227,1.5513535867953694,1.951024625470041,0.0,1.2773137086939945,1.1108199107097931,3.2544240920354937,17.95343769705953,0.0,155.15433600254545,511.33420454367183,1256.305629961774,464.0394946797224,0.0,855.1052705719256,186.57157714054375,189.52642328744733,1442.318001462103,0.0,6209.34645070322,17050.771633556076,28093.029681167834,11355.46662817047,0.0,271.2963118560021,557.6431635616283,1687.470668153861,5016.659394964065,0.0,1759.5792771832575,69.18690568705155,3.6400536918270925,2.9146772582329445,0.0,1.7742516662473284,0.8315955862765588,0.4773450266158492,0.45981540498424944,0.0,0.36683126582140985,0.36121243534540565,0.3065670847009915,0.09336270658958234,0.01771913764839257,0.0,0.019747555256765522
1.7794117647058822,0.7265073807281535,0.9124730575465463,0.7569757579486176,0.0,1.6956472105635174,0.5499823147247181,13.15253470085684,83.33353332449366,0.0,600.9273177675716,1108.2028386077009,650.6038555560262,492.711105643642,0.0,204.99367545866173,775.9859081378343,845.3947039836323,2116.1677998594455,0.0,5434.106763411117,4898.524310318413,1136.5502976431821,3852.432157951663,0.0,2613.4677690883855,18153.067081655736,17256.002885706046,11735.757341311375,0.0,3803.0993005970913,298.0313099032252,10.901076041159133,3.6455949569316815,0.0,0.09969703780701468,0.48808835148726526,0.676303689579782,0.21302123493529207,0.0,0.4809399319826084,0.2808046000034037,0.3221491784754266,0.20372512181471397,0.021091077880243298,0.0,0.09523398304098393
1.7941176470588234,1.3895574538496123,1.486049931369289,0.7063070957884217,0.0,1.5884793124098988,3.7851420431163865,0.5958767956038148,49.13227017973648,0.0,617.9809209101002,833.0860229758973,811.0635635319559,2011.1587793764656,0.0,660.9890518769935,422.2191160445502,400.576340180349,287.5602722394766,0.0,563.3327012140575,408.36590225435566,1268.1625551525149,2643.944643455618,0.0,484.5272999796982,5701.1437626491725,3233.169168897525,1739.0621955769357,0.0,2421.551681490211,806.4280978213992,23.71175243156739,0.5316630793773782,0.0,2.17466487834328,0.2352394024930725,0.5229469864437758,0.10946760680324458,0.0,0.18745988998083354,0.050704088375458735,0.12147190144487402,0.09658793944001144,0.11841238299215878,0.0,0.02002528740559544
1.8088235294117645,1.1620255976713925,0.8180798991144766,0.6554370383936803,0.0,1.9865379546445192,3.5788948981399717,5.7368174240331875,24.23938518702169,0.0,128.94454546829104,30.121211709392647,1050.975752312765,2093.790049718562,0.0,1494.6749318228528,2021.0950541641685,577.1645685751132,40.0773499549954,0.0,119.15915164482766,43.05631451602552,1807.716809247392,5162.82857330555,0.0,2279.6003117867344,207.44467083083575,1097.8097140989098,3642.7596836605353,0.0,61.27514521894041,320.71231622431776,57.27771778201124,19.58093439588376,0.0,7.34082909785894,0.2126748185694753,0.0671688710020438,0.6596269455203386,0.0,0.1880593236122832,0.11987978993382362,0.32725843448616065,0.1625657012434839,0.0670857362753812,0.0,0.13680959047666197
1.8235294117647056,0.09428102459271843,2.1001200167893384,2.7543175698411346,0.0,0.18806528089276153,0.2277257623967531,0.34238998348731614,8.6927642241088,0.0,144.63511663830286,669.1059618320623,876.5150689005966,650.2747470914333,0.0,748.8295285778796,245.89499743017706,1565.0134941128226,943.191544216324,0.0,570.8544688204116,370.8004147100364,2534.597992202154,3521.8069399743144,0.0,3482.775618090411,5747.279811736003,2826.576068323942,4172.593404980037,0.0,8575.1707767693,1701.743960106482,13.981654539020921,9.416261541985145,0.0,2.6471795117556702,0.8098546028795212,1.4915016701857124,0.12566668018931532,0.0,0.029564506462738536,0.09545262993121631,0.06711144682354828,0.24324131893592535,0.10296694955343207,0.0,0.011954527395652427
1.8382352941176472,0.7713604076747189,1.818059832909441,1.2353433976965955,0.0,0.4522179497141229,0.7044203590283069,4.253005173326082,14.758574191917711,0.0,124.74226977153906,282.54832312332934,1157.3179784014908,2260.673651718368,0.0,1557.9359179299845,2795.2721689528817,4255.004928207063,4241.5785737529095,0.0,3133.2385192684314,181.18857998059417,1835.3600462693175,18.810095793799103,0.0,2333.5222783088875,1414.382438263482,561.4849589068374,210.51151763275544,0.0,2082.418184645925,301.25977114306363,40.83672821224523,6.122433765182407,0.0,0.9612584684288298,0.8136916798081368,0.31589064078984347,0.4394040936854303,0.0,0.39194442481846076,0.1834799675829981,0.05607108501289021,0.059265881825989235,0.08493544325466373,0.0,0.0728609299277033
1.8529411764705883,0.675101702505244,0.3689958131863137,0.4205863737876549,0.0,2.6036152292456665,3.019298255076366,3.9825091946545914,23.296233377635883,0.0,22.008721006700465,57.484541584669174,190.71890544554935,127.69668761705718,0.0,1039.8590005157425,360.07855035924615,1693.6643886286893,2460.0819680628456,0.0,1460.168770872062,2351.8080121462726,601.0572515889237,2047.4164351563904,0.0,66.00763117364276,7770.165279990293,12321.363936647595,3969.759677953827,0.0,988.1223956214296,127.5278543799551,3.06054535538259,2.1342194984723966,0.0,2.3811106331795764,1.4383239114671516,0.4923926259059137,0.13212448629077772,0.0,0.011521570103236267,0.07635529799429075,0.2088894615408165,0.07798343409258901,0.040725313443926034,0.0,0.021793666777562847
1.8676470588235294,2.7149367151369512,0.9897379232456978,0.45879847305914717,0.0,1.2305387994392971,1.7735407138885657,5.135963672923998,10.920460280989216,0.0,13.980966986748268,30.832901365283366,155.5662438882349,243.3553891529234,0.0,3460.139281899035,9573.427950775858,3692.523730362009,310.12659601013854,0.0,1833.8408287676057,4717.41186175105,4006.9876150036825,3045.976475577095,0.0,7192.668963219254,4711.916367246772,1543.213243132194,4384.096862704366,0.0,592.8745382948166,28.91632861632259,5.1562725435371295,7.309229816523852,0.0,1.5220121318321853,0.28838682731594234,0.05145263425234445,0.0902130330543927,0.0,0.1410312756698645,0.19562157527845747,0.2190895891479318,0.21265193018875073,0.1663151880741457,0.0,0.10509197470481665
1.8823529411764706,0.9621370897960249,1.1860337912803685,0.6694402540565019,0.0,0.357607405007193,0.24443739607939163,10.29504192343229,40.96538781784541,0.0,23.481062781969843,588.7637712578037,2581.602438884888,2306.3636280178243,0.0,802.7283063679604,64.63718477891733,1993.5962516371828,1032.1333466430585,0.0,262.4477981517791,568.1062994727912,536.460990560428,608.6869500717658,0.0,2721.4228575595525,7409.519221134757,2025.6163351706173,622.1670017882304,0.0,2416.8567563862534,787.9474109886957,11.818888501519666,0.9568176055771669,0.0,2.086329260683328,0.3003663273772144,0.27255702498036527,0.17689277111447677,0.0,0.025143581217024556,0.00989827941748523,0.018760249694056555,0.01919939705702645,0.019204559240477547,0.0,0.020336022691293358
1.8970588235294117,0.45709698630053613,0.21702602924860007,0.8167616851504083,0.0,1.1418358764399836,3.255084228811829,13.10252183142093,6.38437138586209,0.0,18.214989936073863,352.76001048948183,663.9800465319315,597.5249030356861,0.0,667.7068043015514,707.2696563126053,1131.0862924692121,852.9953042324485,0.0,1598.5532336277047,3602.870426838852,4206.59369901187,2079.173410698311,0.0,265.12629362022517,45.73537149048802,2815.4037566456736,6709.021770948673,0.0,3566.0004665702286,51.000776490245315,46.824226726388645,7.113899857418711,0.0,4.814146340896418,0.384482644471944,1.2015196420177254,0.29576260362394247,0.0,0.13272044573753045,0.11836855888228937,0.06517446620791045,0.24053324708284507,0.27788487989041943,0.0,0.1164379188378585
1.9117647058823528,1.1343892260590294,0.44411943708844337,0.43609119022957976,0.0,0.811980073115422,0.9326750904048635,8.566754395961567,46.42577568473686,0.0,66.814726039048,26.885687815500066,774.7838402972066,1637.926804838976,0.0,1658.1755122114193,836.9590605299759,3584.0328100796996,1468.2877796180044,0.0,2635.9103497770448,6178.414943292308,1833.1353909042205,163.39673242005,0.0,1458.4426433435183,4638.947621021467,3328.1783383087627,3106.264361402933,0.0,7011.877558439675,527.3083893773135,58.24434269627543,15.431766332352531,0.0,1.61856912824648,0.46023015231234826,0.4563036753853936,0.7614542658121348,0.0,0.30023791099372343,0.22377991564447275,0.09330740533543526,0.02101840442923631,0.0166201879356466,0.0,0.025990953845696427
1.926470588235294,0.8541649455529787,1.0824378633633747,0.7758569965533769,0.0,0.5897940748684777,3.527102069808245,11.50305863074033,48.651192482500946,0.0,97.56013319979809,414.36967067140387,1345.7763317772058,98.89277818675734,0.0,1129.6244026234554,2512.0427161452208,967.6732484789254,794.0679297599505,0.0,7017.278753521144,14251.954792933775,8558.055539974353,8851.660317927926,0.0,10439.95857787371,5963.036726199381,697.4202517766589,1573.5831407437647,0.0,1528.036132406165,2428.3790854195213,87.81118643968236,1.489238433815689,0.0,8.784258742929117,10.837141672335939,6.788614944674688,0.5805999620878366,0.0,0.4999470121748718,0.21098347177614676,0.23319901802290327,0.06617600935484577,0.0329926325702813,0.0,0.044694159040836456
1.9411764705882355,1.9173371290776866,0.2930872466560806,0.9771114297394574,0.0,2.0181309216647243,2.167310529053931,9.24253613621741,43.39857342524266,0.0,13.67293810318241,125.61258589816265,92.13369061322945,995.7270551179818,0.0,1657.4749449962421,2414.9396622625345,2322.02724075718,2480.1495797952625,0.0,1979.7529480141716,3381.797251127202,781.3548740870361,43.55147823907113,0.0,1576.0198866026676,1351.6149844005554,1099.724496156578,204.01587389397037,0.0,7850.025479720471,2640.960421901359,122.2063205978305,19.436768021866484,0.0,1.1811187913407837,2.83286827161033,2.4234397577068942,0.10834708366884156,0.0,0.2583402342884952,0.22805419049082667,0.30503025829316477,0.16082487790650124,0.03029140414911885,0.0,0.03265265542845297
1.9558823529411766,0.9304696955259109,0.6438005279778763,0.5435639202115262,0.0,0.35246680718826057,1.0493477438044805,1.2151485005202283,56.90447218478491,0.0,84.71951071660281,64.15561283521413,315.1714012159701,559.6486704648303,0.0,1373.6385661327076,1407.0377202485438,1623.2472522619587,783.3721378727786,0.0,164.21288411122868,88.17170926225924,2132.431037299185,6912.746941621148,0.0,11564.569359585834,12397.888816890105,12223.262130200157,8618.719408150568,0.0,11218.982794858186,2950.0647719529916,53.73416956680386,7.149442981600243,0.0,4.760533567372559,1.6757415049568762,0.41555841658890136,0.14983597623468606,0.0,0.07590307325298042,0.2429935819791502,0.232517744809283,0.06849871976143142,0.20603745392316844,0.0,0.18068131003106902
1.9705882352941178,0.3465948396988252,0.843138486715924,1.6085785853936638,0.0,1.7374055659062724,1.610108364750042,0.40023566276866357,61.59763950768439,0.0,208.36567797604943,222.67097178046834,165.00341190589404,94.30281657600787,0.0,1059.1405186755433,3602.7594916397848,4989.859188313048,4106.087449569444,0.0,217.94401401907328,85.8226566194922,113.95407234916357,257.8655677074401,0.0,482.29100592985225,1506.7738977974082,860.7583101601527,3994.6357722637667,0.0,3252.2271478370953,54.578664598518955,32.58817782446422,11.90676062256473,0.0,15.478984414841793,4.79952359777907,0.1063876530124333,0.09314022456241415,0.0,0.26207830306538227,0.16247546254191503,0.09272856792202275,0.018846354018198862,0.009013040294458805,0.0,0.0285124592053122
1.9852941176470589,0.920319496838913,1.226068011668211,0.5052307290178838,0.0,0.14859548519400054,0.9196148456794122,16.238039293071736,71.05979588595198,0.0,22.979659328009603,24.79585601308522,23.642778219668372,495.2611012058394,0.0,326.1800884675286,600.0527219237234,256.98418873015567,1638.7173809162812,0.0,2197.671412310815,670.067387902551,2464.563010926009,4252.497545116852,0.0,5164.071813847713,2293.292663385468,7889.781419065075,9567.554824740972,0.0,800.4384772055621,257.8560617767612,16.577744790684797,0.17896110384877165,0.0,10.399207105918105,6.062610776741761,0.6576050676156935,0.08663440938275471,0.0,0.056599014555877236,0.026376344561831955,0.054438553227951006,0.16013650034267535,0.042686413748967186,0.0,0.03636969250481198
2.0,0.39397505861039783,0.5538098393159046,0.33045087138253115,0.0,0.5688031243191594,0.4031265941592938,13.222475331013484,55.2827932490154,0.0,191.49653686718696,325.03922663827416,206.77624709216497,43.37811496866892,0.0,631.5710159225655,1417.343396113204,3154.9070534066796,5425.435824845812,0.0,5760.020035942021,1390.9078414370538,1529.5798310134385,4087.5745747126857,0.0,327.484742830605,989.5647532672631,4099.570755102346,1449.9504500751955,0.0,2902.0478776551804,846.8091764912001,8.028102096377456,1.1197758558784812,0.0,4.320937762747837,1.0669920587487436,0.6689031748816736,0.20023075643729715,0.0,0.1279232143028513,0.23722014642900263,0.047275518478458435,0.1280232228515075,0.09877499746238852,0.0,0.048564301475150555
2.014705882352941,0.5883073229650156,0.36324984669543614,0.6581991273520216,0.0,0.23708989246306594,2.087951245144441,11.151534575832168,91.8023606459271,0.0,208.96551542818594,116.7956403679952,170.34080342298745,72.91602350062547,0.0,830.3436538233024,777.8551687092033,62.86305862404312,2521.784576820933,0.0,2287.775248805593,5457.0652165638585,10485.512713844517,2206.1805191693375,0.0,5359.4752352824935,8984.920734506826,3223.4994176986556,5017.519999583745,0.0,2765.3432294550116,88.47277664845326,28.027508638936794,2.1347954247370127,0.0,0.21622381553917527,0.11235443424305849,0.2915953967352127,0.13663597594652288,0.0,0.13671824861390974,0.05888132120497611,0.04489568088330616,0.1392633513909146,0.03439150787361271,0.0,0.08835582139266215
2.0294117647058822,1.5643891973972837,0.9060317266427201,0.5718452394055117,0.0,1.025972573852087,1.0987581318038617,10.528600913076128,43.8754002886916,0.0,14.800639331723556,67.34920987168897,429.98776269228574,469.08040533338544,0.0,187.0464844002749,1894.439672421235,873.7415589264085,2097.5158274198566,0.0,7459.649562496275,714.5534990138356,5404.992838166225,4798.383519129315,0.0,2755.132587737313,374.72393905731303,1946.8324409154293,4546.341367832924,0.0,974.0339779670121,243.02877250621796,4.4359766200459845,1.9550939807913257,0.0,3.395141358812389,1.8759079884305798,1.1960680687504828,0.019210802646130547,0.0,0.06815725535904976,0.21540096214308233,0.2777314950328397,0.05767252145869514,0.02281204250060008,0.0,0.01170973653329109
2.0441176470588234,0.5264095259369725,1.0420925561861953,0.8465250872679504,0.0,0.5186642355818553,0.06605099911767226,2.244619750200134,12.449088250030393,0.0,83.2690695571819,40.98676481897523,242.31201930353484,755.8410264631328,0.0,241.33567091706075,1216.6477468099497,5843.042475940254,2642.4787152741337,0.0,3384.099500830147,6146.596624311011,8350.484798039915,13926.728399072954,0.0,14949.125638455707,2624.4323920805123,694.9303537817068,90.65464476438129,0.0,1263.9963992619892,148.57984249862017,12.622380726331972,0.27188808302607753,0.0,0.805009492938642,0.2616312711900894,0.4180107902194604,0.38865647999253305,0.0,0.033910033564089566,0.10318644718127756,0.22333676164650168,0.04216782678898752,0.04189711197148255,0.0,0.006279100371498926
2.0588235294117645,0.8055142052876447,0.8798311427404645,1.9235301013923065,0.0,1.3993444421570638,0.25107152615376965,3.1578362725018287,3.2378311270837994,0.0,159.33548337113643,331.6830773906813,203.9202806246214,795.6603037873546,0.0,795.1143669030125,246.1064338700998,47.80149869369744,1960.9216277992036,0.0,3568.0705325624476,2068.6132206567727,564.8226762455486,2272.1617828297785,0.0,4719.53110286909,1456.386382082194,7347.170768478746,17536.620170075712,0.0,7089.978941888216,274.8067746690251,42.66542207010198,7.036210764480186,0.0,2.064117460290892,1.2364953149489004,0.6073930702993885,0.45899103716943335,0.0,0.6967883830205945,0.29116971490070676,0.1460981406620126,0.022611514688993334,0.019440517872523006,0.0,0.10363935433949205
2.0735294117647056,0.5038525927620401,0.7807926340779459,0.4255900096954791,0.0,0.5414966875804984,0.6876064866843776,1.6145409180639412,20.343762749805848,0.0,12.635327461085124,445.74007307250577,1104.3428054484234,1037.5449677246881,0.0,977.7746174585682,242.5439617749579,150.783736053215,409.9712336739343,0.0,1521.8234588425275,2736.188328912628,1002.4713494758221,794.4217757022974,0.0,6338.394350659002,24134.669919408996,12913.876091818558,2470.2483471876753,0.0,8438.386290170234,1115.9454146955225,18.93432424192335,5.064216442166302,0.0,2.560469819838185,1.1935460823127908,0.17746231539187382,0.07880882390682914,0.0,0.07425390166705229,0.033325254382121576,0.0017412142060659686,0.03842407753552064,0.012059075229378224,0.0,0.0072199037825517
2.0882352941176467,0.39149078559497535,0.18545437217042537,0.33928065541613034,0.0,1.7027829519841835,1.7760521637014985,10.199046313295561,51.40077920834088,0.0,138.25889136400343,296.25985519546333,348.1410970979989,509.54042650289637,0.0,458.05837365926453,501.60764293908244,1293.5937196269251,609.0724911166108,0.0,148.09949779158057,1285.353151549572,4623.718523186015,9463.965816222058,0.0,6252.934792804979,14.639129741997497,1694.1827282444872,2921.3189435077666,0.0,2146.9149761619256,197.05419305786648,44.46275468244809,0.3922559812822126,0.0,1.6680238165197592,2.395509855982268,0.5109897334924394,0.15993449656917935,0.0,0.3829658875499926,0.0563985560323242,0.13897843817405042,0.18168511946930627,0.1254423127814125,0.0,0.08053989292619457
2.102941176470588,0.26517031190843626,0.9117663345150676,1.1211474454547412,0.0,1.1882063544665429,5.318774983055884,5.49271775547517,12.058696638592416,0.0,60.23899566728912,412.3576006587647,1187.3909040604908,1083.026837087109,0.0,1354.2404983244512,6843.8126162848,7973.273045926262,5895.092219075455,0.0,3968.0122646453656,348.9342415675719,1606.3423229055124,67.23651030181199,0.0,1125.4621869425173,346.04206885241814,2015.1836181903805,369.97593374841495,0.0,1653.8894110039432,1072.5185634018076,21.972833100913604,1.6140485611227815,0.0,1.662233702224917,0.661368048995663,0.2690849804920121,0.3791218069792281,0.0,0.580740771435825,0.3750412746478966,0.036877141668366094,0.06775388359799522,0.15992858207725003,0.0,0.08147808988157405
2.117647058823529,1.3795952143857468,1.0663230913562727,0.6871980239197302,0.0,1.1228152508330886,0.7975990893830429,1.3532414806956856,8.114752753348114,0.0,94.36655916573301,51.690483381320654,196.05817550392996,1418.1876730959902,0.0,1772.3806716749239,264.37228970244007,842.204386027177,1158.0957476599658,0.0,623.840229820247,626.4524056269161,1153.8384461380115,7235.4138536237115,0.0,8927.87755513633,4061.427278346566,5602.530037665818,5507.083098668365,0.0,1204.336313772073,204.71955543963318,70.07937893447036,3.69001396519576,0.0,1.8753583082779706,0.5637869924035668,0.38975495823636763,0.1881449037950193,0.0,0.14313503844868292,0.07143318881280997,0.011735836727797232,0.014668845321678997,0.06614409067411517,0.0,0.005969092379247476
2.1323529411764706,0.6284362534523771,0.5541012557158169,0.6006310471191225,0.0,0.8092890041864238,0.594055659131009,1.459348895724466,14.94254595176707,0.0,41.743590525991,58.92082805310131,208.3890833642305,219.76847080386156,0.0,1004.64504010515,1625.7343261156275,156.94540398927262,1883.7024420071818,0.0,3143.082338295068,11303.220019196695,18568.838379923687,12914.884126290275,0.0,4421.1889643304,280.9283075434551,2536.930184831046,4250.106236425148,0.0,3456.889620987219,925.4963402640267,29.390331515553605,13.2788167860038,0.0,3.3439909803969052,0.6834820711253357,0.04532556643793981,0.11656643410875543,0.0,0.3231464565731516,0.07455737710417343,0.05349150136284068,0.011432018918983057,0.03319588109542926,0.0,0.07514763277267887
2.1470588235294117,1.134498715188467,0.4856368522755824,0.36541108083761065,0.0,0.5188774436944993,1.3083469149399567,6.293286527004086,13.725784855929545,0.0,10.465028849306742,14.572811613813741,52.52060291723681,16.469846006932983,0.0,443.4439955932641,1496.7301876106587,967.8035899123968,515.6517560514412,0.0,699.0218701873239,643.7292726066763,995.2866352666541,2175.208153284134,0.0,2410.0401596806328,3829.4706691393594,4739.330684105121,11601.987121760794,0.0,7406.235305921853,2595.690551974526,181.94412721653595,5.5135168351768105,0.0,5.71428526340036,1.511816548444958,1.5632858807008572,0.6090234630716919,0.0,0.16040287633714612,0.05425333271051187,0.0698495842960662,0.025636067699331758,0.005670846445014963,0.0,0.011645265273698828
2.161764705882353,1.0318355890429594,2.8020076611307574,3.5046812336733173,0.0,1.953136259013886,1.5218901881253442,5.936557906279782,14.459567982043247,0.0,3.3528204734228755,40.595992506144896,223.6670901157703,1156.1116416573673,0.0,1804.6232151374566,1383.5901513473573,196.92387892784302,2659.8185864415937,0.0,3869.8436236167104,2832.6386286274337,6374.703592826776,8045.579498513836,0.0,7357.451537465606,2624.1346276684153,2525.185771827496,4777.507672272532,0.0,4187.05986545724,122.14826243859267,11.786088586752129,7.513631571805826,0.0,7.473098842807241,0.6320537782256036,0.3410664165987911,0.2260770388166311,0.0,0.25021281294674835,0.24351127067964423,0.10484255386861387,0.04808012957407406,0.062414394035559276,0.0,0.07066847007899749
2.176470588235294,2.01629077898352,1.5503850695498103,1.6230596069901497,0.0,1.5624804982866451,1.1227066891541813,16.068806178555093,54.76794524399307,0.0,85.37582153653281,130.18830405017448,709.4441402642914,334.75299564857306,0.0,574.6511113703687,1351.070555190733,2189.967307301837,3697.106813241382,0.0,830.8468532763054,378.7703699494839,340.3824505818461,3374.473637900801,0.0,12986.989882068552,18946.267113943584,7021.6428627694195,11632.764979570813,0.0,12327.965262436639,5780.194664321395,591.1788884767412,6.0937629525308346,0.0,23.8588068568986,7.543590775232155,0.5433085020824423,0.18336466353786138,0.0,0.39129887696436,0.2521137462097203,0.18344708915181646,0.12261961025080288,0.06117492484653676,0.0,0.06488633842225779
2.191176470588235,0.1891087417661927,0.7247894831992977,0.5011129417959034,0.0,0.44019001614139114,0.7472808866827034,2.449089974832393,0.651798712854414,0.0,41.64104922390361,28.35070851480392,20.082685404677147,1101.3346743759798,0.0,541.9388885099224,898.6403235966648,4122.571109164666,1828.3451196043186,0.0,2351.0378113104416,2184.1200583845566,64.78155058853635,3028.5579886844253,0.0,4620.150062451846,4842.696592573457,9552.764919467809,8994.302381469646,0.0,7178.253288592465,2768.477877416769,412.758880966197,25.307785693992564,0.0,0.3718971070655001,1.035113576510815,2.1085285710138795,0.8068059360844315,0.0,1.7222345034279214,1.1623656482557634,0.28222206228240865,0.15880691112224335,0.06641296446253338,0.0,0.06266989930681038
2.205882352941176,0.35099358066409786,0.588787442461009,0.6821956324681507,0.0,0.6374555149939367,1.381603121586914,3.5912830243242775,19.467661054787037,0.0,4.730314292625094,161.09179780260547,567.3152617579942,1027.7771552559225,0.0,2821.9661864388577,1016.6440186616835,52.63340222394512,2177.7185667473022,0.0,1496.774703643449,2187.126303230305,626.1032839238421,3066.030340526525,0.0,2687.0046760635655,621.2145883582975,5567.24039590467,7578.214018054698,0.0,13016.477029675432,8717.486696051414,1428.2746218655468,2.0624946199404466,0.0,6.03440165622526,1.8345316742882496,0.5026790977230469,0.08327260374261335,0.0,0.4155859451330117,0.24274812536165932,0.2663963354541374,0.35804346809037413,0.173747435828976,0.0,0.09586888126527149
2.2205882352941178,0.2596993943291441,0.519167392475481,0.7290572568075289,0.0,1.1916901004271017,4.217501076912558,20.90519135496436,19.989639887182726,0.0,57.9367951239288,676.9780051605638,1185.6474470761282,222.06269171447298,0.0,313.96062714401637,707.906836193642,293.6669626262998,1651.4577553203844,0.0,894.4474068262191,828.0249813132067,3850.31086178815,6913.954873189386,0.0,5422.803326454947,8253.912968584835,3274.698692738363,2262.7718672555006,0.0,2848.2825917764058,1979.0864983013744,632.2954642823505,10.254252860335821,0.0,4.344644988072592,0.4461144314141808,0.23698361691390998,0.10150562468913749,0.0,0.11580844060890269,0.09254033347436538,0.09332351335872065,0.010984975257246357,0.014102175211845414,0.0,0.03740626555826164
2.235294117647059,2.1981114697949664,1.836153185418545,0.9520328874738571,0.0,0.6471574133468236,2.824682012677137,32.74906475072258,2.227064962201102,0.0,278.3073901627862,588.3316856735848,506.8258049359299,730.9910338352179,0.0,1777.7680248355528,4205.703663252795,3557.7638724301587,26.320242358914733,0.0,1805.1797378064382,2993.398717708918,887.8146324803283,12714.63839479271,0.0,7237.887702512549,1564.782387052033,11698.33837828815,11520.46868433902,0.0,1759.5876949424653,404.5421107601746,101.18697431923312,1.5092879082240322,0.0,14.011478201913281,13.438934782975942,1.8378242889910659,0.27309187886957653,0.0,0.45850925731558195,0.2416643316166084,0.044899857037952934,0.038705394826930334,0.10076291234114745,0.0,0.3364777769962833
2.25,0.356673375527501,0.4500080893545607,0.32647356266243754,0.0,0.6239463458486001,2.5658606987647614,5.759413057586533,51.77421310970442,0.0,450.91301011283366,385.1040713682014,193.62773221392126,1397.1248948405869,0.0,1716.1045262611929,1157.3174913449795,1161.9024429706255,607.0562142429453,0.0,6489.916715517314,9791.297216956209,4654.522993359647,828.9243792610939,0.0,7002.497287248074,7900.670351921597,924.5444576297161,3656.2931578058265,0.0,1215.4020208277805,860.4153014741214,13.89204428397337,37.76624680844544,0.0,33.019188999356174,5.617512415182286,0.1346932047531829,0.12384865388098538,0.0,0.6272757290121718,0.19571900221691857,0.0854453604167356,0.011638330363129973,0.032543915178922814,0.0,0.0349061244525405
2.264705882352941,1.0050070127427206,0.6278228511549854,0.6661515207131506,0.0,1.8685447366674357,3.4655722399122393,21.510842652735874,76.17793898678234,0.0,223.70491357947574,605.651244204153,628.1330609855147,134.45817340914925,0.0,180.5453357618053,910.4675405111309,845.8940782937206,4484.8731220511545,0.0,2878.003933517885,1007.308817798329,3929.334093759842,3944.3421524065425,0.0,741.1567508302589,2882.8799718926093,2750.495945803303,146.46095328207363,0.0,1148.377870783689,405.46647563468593,12.05918403541589,6.173389823317077,0.0,2.0615689786961204,0.24088985249064349,0.14476932280616855,0.28396991147790585,0.0,0.07963295488034258,0.01212089177419506,0.018273866007864244,0.1318814558062131,0.034143566300001316,0.0,0.01721519562171788
2.2794117647058822,0.4927344462361582,0.9401441121314446,0.47009410459979095,0.0,1.1048089166691275,0.35170222884434077,2.1043036576278653,34.22000816116057,0.0,122.05571696780353,104.79189974610793,376.8241816331126,1224.8264601197388,0.0,734.531658239933,209.8715174323308,1157.0418148351082,1500.4601536177665,0.0,883.0745494647128,1372.1712968745637,2607.7051612581367,1582.8331538951434,0.0,1900.1207802418248,315.5486266030211,4672.1109165188955,4802.033258380628,0.0,924.5689148244765,350.8676151537119,2.4076055489623,2.2772265451987517,0.0,0.13615355420326317,0.7042364600999643,0.5966223009545126,0.22821547222268035,0.0,0.05325238833965795,0.02000228972177413,0.014753724936104188,0.057697755788023386,0.013681770525948034,0.0,0.03877865460051155
2.2941176470588234,1.9046966117553437,0.7247863152586431,0.42185634807043043,0.0,2.3251176702887424,2.2903374332382507,0.49352510208976097,8.482748705857121,0.0,7.303710427401378,14.91110684776786,65.69534279266921,30.06637436375565,0.0,902.4699540973977,3583.342953964039,5841.809807355106,5861.623599804141,0.0,3921.8012078608176,689.5336960990878,1210.9813862377482,189.95618627954832,0.0,3240.8884303061886,7774.899516004066,898.609945266373,3059.1944670536395,0.0,1859.185638033385,269.8053995404542,9.573821869100987,1.154481201698386,0.0,0.1323634951137261,0.15509518784133686,0.22746077280923438,0.30737229182896586,0.0,0.07506679542911772,0.018410045948501097,0.019859955286481566,0.0028683040439674568,0.029984818129505292,0.0,0.07209054568480641
2.308823529411765,0.566365492152332,0.45302916031105855,0.1866515415664594,0.0,0.5302984288710356,1.572573901785892,6.948010635841333,2.425083026891677,0.0,9.762743394006232,11.88780739184854,97.18314876870679,112.66308474454365,0.0,886.4862380728259,578.2048362119369,621.4815791723377,721.7950946932267,0.0,1644.5898042220642,6288.11370838496,4871.032401737442,3389.447267629133,0.0,5833.759615538969,2097.6417896860294,3341.329915121187,3047.7472747226598,0.0,440.3670750755487,15.647908402209218,33.93177787315414,2.157205188145414,0.0,1.6002197585885063,0.6441429094754542,0.28464212071224304,0.1888408911209526,0.0,0.057821449538387325,0.11906827888164406,0.052486183749195905,0.008249764737463375,0.028014039489640694,0.0,0.043174961779908996
2.323529411764706,0.3608598230807877,0.3197189397959903,0.3254785062029056,0.0,0.23248828353217627,0.6900679102155456,0.8806932216060701,19.351008082679662,0.0,43.5892799169833,82.8069338521672,972.8726059050412,861.874991564054,0.0,78.92557332840175,234.74393033255262,346.7045970903831,355.99325648252466,0.0,1745.673458802186,369.9917619344876,4275.585742224871,3574.8725133319667,0.0,3098.582412382281,9258.063800444417,10742.54538617593,3383.8969179357828,0.0,6611.160626061278,826.3258516341846,7.705164653331842,2.802248089928021,0.0,2.30109524119198,4.818022258294937,1.5154044861285167,0.14867382800832268,0.0,0.13233365590500323,0.5121586756726458,0.37005758283788004,0.037043184469991344,0.0190237381001795,0.0,0.010872736142908398
2.338235294117647,0.590272123015369,0.42006107594973213,0.25697968357473117,0.0,0.8258122519357614,1.0543887323573164,5.655410607728285,18.92087244040507,0.0,54.01716942245595,138.1817820206389,64.90724590454782,1777.3187236626457,0.0,2663.4502824663564,3451.9745033512627,1884.1418823643332,312.38928968332175,0.0,1700.655466322658,5395.552135765837,644.1960354530167,2617.8606514764742,0.0,7027.720724680752,1314.226217714146,2532.9668916171095,3820.535935262166,0.0,2545.536986523117,567.2592687247065,9.922944527704498,3.224462762220198,0.0,3.0640521623556904,1.729288111835708,1.5966435051942267,0.9225456514565074,0.0,0.32844458856828557,0.09157546835689738,0.04149761460687211,0.145130323804048,0.2235870630956736,0.0,0.0769947266547196
2.3529411764705883,0.45367105896426796,0.39216563531711385,0.5274190218979592,0.0,0.4564730603504177,0.9920867467499127,12.840771145866988,24.19156010319871,0.0,55.21607655945169,12.65250782888311,505.58432520190024,76.53560816989068,0.0,139.24900952195742,517.7778120625997,91.21283595977442,1827.431045040697,0.0,3227.798265110526,307.2873780593527,4585.224424164129,7699.752889902008,0.0,6709.667824573551,2139.771217123065,7117.204199794889,5852.230634384461,0.0,636.7160943535787,6.180621648025056,12.362540865684494,2.7442645638468,0.0,2.181402961415512,1.104871915989864,0.6868243691622673,0.0817316546140121,0.0,0.0722139845335485,0.21641802421415757,0.34353323341170094,0.4556239228765717,0.08486707998943765,0.0,0.016396582866084676
2.3676470588235294,0.4413099112491,0.3944934664728518,0.24288835101471443,0.0,0.47143819676306264,1.870159992572591,4.041795120338628,49.405936975738285,0.0,74.42787775657922,173.68460492481418,37.38754432996948,512.8413351706822,0.0,1613.4586081815223,2382.8429518650373,3215.8051394121594,2425.2201982229863,0.0,901.1315480066839,366.5376111930409,3545.4885137014135,442.8072902406538,0.0,2393.6549318153457,7618.118569286277,13823.403255656342,9247.363182550394,0.0,4433.015177154635,832.6889256936115,87.53179767583947,6.823358174159442,0.0,1.6676547628957772,3.3694244323907734,0.29485865026284497,0.46527893106012386,0.0,0.19284269854481162,0.4755075272341781,0.4438647476850339,0.23048322468417132,0.09159437602658119,0.0,0.023506431411796647
2.3823529411764706,0.7034830931718311,0.2562368562204966,0.14826935609745093,0.0,0.7824012564521473,0.25465350849712287,19.87154749122249,79.66009860876332,0.0,205.12253484920996,685.0695505065809,1309.3410998222391,689.2609505216813,0.0,1448.8278815596782,3904.8161150928545,5554.38189010156,3063.5984971524026,0.0,3133.127658076688,14004.804577412284,13458.726011915758,2437.9425196347347,0.0,2693.608706358297,10906.024317662512,2854.2503465167038,961.2723962317018,0.0,477.03473015973304,104.33791416613516,46.78496437710683,5.958434909214409,0.0,3.902300866106307,1.1823447663257864,0.31841746187526043,0.0905880728232169,0.0,0.10358626340701341,0.17202420646292654,0.22740061896774166,0.3892251670772094,0.495563472272059,0.0,0.40067038240348785
2.3970588235294117,0.9170074823367673,1.9966865364035973,1.6994206876626547,0.0,2.2853381911032353,3.761878617177535,12.053119550049225,13.273556964990163,0.0,42.61117801214266,144.44569777729225,599.5718995217642,2876.7113904259777,0.0,361.9921764658154,3821.5300303885747,7117.541111350862,8327.723676928872,0.0,10582.679124099479,2972.5570904109145,2192.266323725124,9766.143987984688,0.0,11903.930435087663,1273.622111992088,825.7583515044516,3287.369202976927,0.0,86.38133520167877,334.1241153739432,41.71002411871281,17.479984254917525,0.0,7.9808200836054475,5.783912975736982,1.9412672187206939,0.32893339295862634,0.0,0.3792603800907707,0.149059404649795,0.04533383006461168,0.10486968148293424,0.07055650861443702,0.0,0.09075709104823576
2.4117647058823533,0.5975725775388641,0.9336379706750846,0.7448137395807124,0.0,0.403931071785417,1.017393194121241,1.9204902967217352,16.959911213756474,0.0,72.87241339175931,420.66584228942116,1789.192758260086,3882.8294001563017,0.0,9311.32503813513,4176.694202454986,403.64388430881445,1777.2718053358612,0.0,191.41633944969178,1761.2934550716277,504.6593461610023,4246.103846037949,0.0,4918.553429445084,13010.414732346166,24393.03596878858,26030.88482110064,0.0,16173.521985440477,2371.976999174077,48.88328875579343,32.84916741881686,0.0,3.665468859567124,1.3908432999314182,0.03625392215073342,0.4358429742730354,0.0,0.27650254470643365,0.14662846135490107,0.22348091255124047,0.24382523412096052,0.16941055132970567,0.0,0.0946766307388932
2.4264705882352944,0.12918197635873652,0.9989348240542002,1.0228031178717067,0.0,0.6653251394362941,2.1944233449271184,9.171262875904784,61.265021773183776,0.0,116.88954479563405,35.524208171562464,184.73353131685076,167.32416024178428,0.0,2018.6895629446085,4536.698859332919,139.21722834550954,1749.144066467979,0.0,548.9605880206875,7250.551090314727,3046.1159983388065,3798.754264837702,0.0,6366.4480915281065,1939.980361467428,1306.6672424367207,2504.943830779591,0.0,136.01215353699718,1031.1841249597421,143.84501367426427,2.074724521489308,0.0,1.32446913620438,1.9062604605924398,1.434441455935442,0.3422761099195707,0.0,0.1690711822821801,0.176175285519279,0.18514064000429784,0.11556638018626403,0.3122355702165508,0.0,0.07513678584640798
2.4411764705882355,0.5310958467235605,0.36887421321054126,0.8126151265359222,0.0,1.0019159452576343,2.132179940375673,7.274969221244344,41.47367016331119,0.0,121.43807414584259,154.51081987895793,25.522117667114497,87.93996235297001,0.0,430.0387769070568,2782.672634446999,354.0305320329943,6943.638911918353,0.0,8608.656078666645,8921.505852412643,9333.463947322369,1429.9071365178995,0.0,1966.5105013168518,2971.381561318124,1797.164390279741,6189.274488741048,0.0,103.29920186932378,1120.0253254419472,84.66771844424514,5.243776381208743,0.0,4.098859245977527,4.76164179422762,3.0185381525406365,0.6077889076157417,0.0,0.14093088147165606,0.16471095752233522,0.08390806732055743,0.1779421335467983,0.17286584825972728,0.0,0.0854788902370188
2.4558823529411766,0.9849749356522022,0.7706182416776715,1.8454593978067133,0.0,9.003457244735536,7.689385350956921,33.29350575214549,224.01802448704913,0.0,233.99064717335804,48.435069852763775,22.631169629734494,123.5729963118372,0.0,545.3495734416399,2224.205773939281,3772.8755706874217,5643.404142007832,0.0,2212.7664580936307,8564.543562734265,7088.149533212822,2568.2172478420016,0.0,2318.491870582886,7540.117637310658,20891.665198645755,6504.019076005462,0.0,1612.1077982069182,3050.6914875364073,307.56429989861954,19.584916516747622,0.0,6.116757023152541,1.4023149555556902,0.9750845742540986,0.35419688945742195,0.0,0.3229686974734407,0.2060379374720594,0.2793592471254994,0.16397263679735102,0.11628112080582377,0.0,0.025724968270927993
2.4705882352941178,1.389881028466222,3.1665952060524045,2.0365907579937073,0.0,0.6134403496555711,1.340787896594365,27.111337264365563,119.04971177160726,0.0,172.2446880927479,159.0666164107795,132.39415379239958,167.960952580396,0.0,215.40391931672278,246.0546269174788,215.2628054128326,1282.7229309660465,0.0,7562.299553326677,8655.70874097675,9221.242166334145,4511.038449799575,0.0,13196.560502388907,6798.690932770949,2087.58656366884,4853.022070615434,0.0,10012.798455507505,2958.7385640776556,93.0184081122926,15.953959521040144,0.0,9.938745171102177,12.731157870632064,1.4899860251286878,1.1824591601405983,0.0,0.3535083436571179,0.2451375640761544,0.052389804062244125,0.16283409476822602,0.2394870608027188,0.0,0.20664310150851842
2.485294117647059,1.0603158524188534,2.3014931488366615,1.2444337550918814,0.0,1.4123253705335124,12.044668545711772,21.011469670598565,8.390488878287762,0.0,15.922710654606457,181.62574922276772,323.2805110317956,119.60842239508229,0.0,329.68480997660697,1114.1326803687516,987.8251686622281,2888.0320766529553,0.0,2970.2193957510226,1014.3367332592852,2058.368608631205,7192.13797783569,0.0,1154.63110441645,5845.573578132684,12025.535003595629,6861.84137629903,0.0,5243.1700551508875,2101.7760720930964,16.48389370964656,21.307136494836815,0.0,10.572218720358283,7.129548368051694,3.991838422330768,0.5806581265462301,0.0,0.5924608004710562,0.5239959561725256,1.0433238358219867,0.46857395025411275,0.6515178831372621,0.0,0.6745071420573299
2.5,0.2672791485824379,0.6337600640387946,0.6845391814087134,0.0,1.8356299628609676,3.351580463498894,13.540558019561853,89.67766205681372,0.0,70.7079487341441,22.76895913483282,172.41765851237597,20.401146198365467,0.0,251.363164552799,631.998676274998,803.393834024994,690.6542347847758,0.0,1034.3904346517438,688.2105232476856,1147.0073763367177,2159.7321089853767,0.0,2964.261248488283,4552.540337388738,3767.8160367794717,9697.608681564368,0.0,8540.123757559279,1904.1774647267268,35.409792898745394,6.605616458634475,0.0,11.000132909981737,13.74859536324405,6.318842379618307,1.126368011437216,0.0,0.38235810176315665,0.19153633012718488,0.2270745301225516,0.13886320929535517,0.08025104968597235,0.0,0.1571923061034196
2.514705882352941,0.7159601987069194,1.0127427616224842,1.685504953134957,0.0,1.0705117240856046,5.006673213850563,4.7414342384816734,21.386185011016707,0.0,7.45349811278528,24.393078230373042,38.33797823576836,97.75701612494287,0.0,614.1435647698246,870.9635359312027,1277.0348372743458,1615.7437009474268,0.0,2101.2835049381138,1172.0001915281755,61.83606665889177,68.94055998580885,0.0,1545.1310792802888,448.06013304262274,3711.0523420335476,2232.0004478251153,0.0,10484.406537050963,1060.9278695156731,49.591621099157805,5.412481752098969,0.0,5.986081531450249,2.1343624446711127,1.1590553183626353,1.3108633284801952,0.0,0.7935347453922837,0.10673509453733655,0.022507829303267016,0.02465492156094993,0.1985225033483331,0.0,0.1250637128754633
2.5294117647058822,1.474874960815182,2.0230557879776154,2.694148038196648,0.0,1.3389563747958744,1.3247795497747041,4.785225842601917,22.727612439347883,0.0,17.8437494547992,199.96625552929925,215.12269581393707,459.7423608303201,0.0,351.8859989933661,177.7891844198719,109.0310927506478,393.1759078356606,0.0,995.8543651034782,933.825292267629,88.35298947261707,1807.4973025195504,0.0,3663.2070635966847,3655.0909171220346,5542.251262154321,10371.519011435945,0.0,9696.004213740722,1146.079761503415,35.774784937364345,7.9492050751563355,0.0,7.918994264880859,0.8144499539186927,0.7150749079763948,0.4365229347221325,0.0,0.23334403071735998,0.031498010440459905,0.046725055214563424,0.07076091105470764,0.020475627664671207,0.0,0.0033916258966756076
2.5441176470588234,1.3052163934088536,1.4192742056389012,1.3242726262372422,0.0,0.4342203942358416,2.9929567410789724,9.616011716743369,0.41066669826257396,0.0,8.40496288050356,248.93817497261955,515.5615827564322,126.38520522256752,0.0,358.7313771779574,669.0809963509669,563.6705671521054,168.51551773803726,0.0,556.1778349962312,1390.0980873636765,879.6926940150572,297.2392577638972,0.0,464.410474994696,61.10458260541493,762.3662920707775,1625.8101000083188,0.0,2065.445880010713,601.1537659506714,17.379100684431283,2.9715634101239896,0.0,5.888416201540682,17.361793404760533,6.278513580115302,0.6981958809119297,0.0,0.3492534891259641,0.15740882354705737,0.04822605000815207,0.02079394553582769,0.015907879471719986,0.0,0.02586973023016293
2.5588235294117645,1.2017927185953696,0.6486169716388906,0.31606186856543905,0.0,1.9914715290950724,1.3973544585900004,6.604275313045857,26.438882113281423,0.0,62.96859773687051,704.641303189858,1177.042383381484,359.1109170233795,0.0,339.11334514803536,710.169493663622,938.5491426213957,2115.1405584989925,0.0,3182.068324166244,885.9772032950236,2177.9148188989316,3989.091916813122,0.0,1196.4646249669352,142.89698210668018,553.4624155699787,1453.019094057734,0.0,705.4957144955032,193.10448011577043,25.216597682622492,4.221046757217986,0.0,0.6938837800267759,1.7119173011716189,0.4808784702454963,0.07305865062669703,0.0,0.040797368473679554,0.020945496188343397,0.051679071202851756,0.1172759271751014,0.04204194470610391,0.0,0.013148868354705568
2.5735294117647056,0.32802341226057286,0.38097741707847715,0.427997827658512,0.0,0.5047143136801053,1.2277083217875604,4.32767866604566,45.02482783410738,0.0,122.20360736115622,372.690416355601,1805.0529730931398,3175.9140920470527,0.0,2254.3812623678136,1885.6263473406384,1339.3487373110302,28.844797466308137,0.0,291.64391473659055,768.4934151030739,230.69681055810446,1918.8850978912824,0.0,2238.051829384938,1183.9150245201845,969.2485919888024,223.4082198397604,0.0,216.53301281153844,440.3194693659541,65.51286914556363,1.7581245162514951,0.0,1.0090056010949302,1.5095306900559218,0.9223284073939475,0.25995089521670145,0.0,0.12440081676673242,0.06545809143948746,0.03581863100627033,0.03997256409191548,0.012995521188395778,0.0,0.013516937506447965
2.588235294117647,0.3106360323646743,0.7065356928245623,0.9812948159290187,0.0,1.080534121650608,0.16465095852390904,2.8735804810877545,6.865756320201016,0.0,1.603635363267789,104.88392095903734,552.743559873554,474.73076934673225,0.0,31.207608478786643,734.6962480192119,1273.8176046310032,1606.9997354309708,0.0,463.9853475596667,510.5080940482412,898.6759828247193,639.3760428286807,0.0,5210.653608288212,7189.553145281237,6572.882732711247,2583.787472435247,0.0,4097.3010878612195,583.564871284387,3.1885099835368873,4.369762835002167,0.0,2.0952974782479075,2.3987184150561243,1.4467202183793917,0.20685444087623286,0.0,0.09733119024853905,0.2645279465394312,0.10093223378520322,0.03340397739373559,0.09615568975583993,0.0,0.01562806527097852
2.6029411764705883,0.9018364057352525,0.47535367769107517,0.20575428208564733,0.0,0.19453186287975902,2.2398672166045825,1.8622355187581747,8.268424854328545,0.0,7.7242896633016915,34.43240141979339,19.13631132387961,217.06540107291121,0.0,2574.1878130948044,837.2289217033474,3495.0608055787843,662.8718486633657,0.0,4472.839565385284,6255.0973498526855,3215.8097176691517,1125.7579789540941,0.0,3854.948435207746,2184.8260650519615,4109.93800114544,6059.703275415668,0.0,1833.0623461515252,141.06212406256418,5.503352488956018,2.7934106645154553,0.0,0.7313380199871082,0.41951283869946904,0.06207005887297618,0.04423615820429921,0.0,0.07275064624371641,0.04674560443007655,0.1372786077579851,0.05578446038904286,0.01160269918005516,0.0,0.026492528188331643
2.6176470588235294,0.5700586866824258,0.59120630754018,0.8064119517392545,0.0,0.6784248617662821,0.9265226233117291,8.636132495485896,10.551332231126391,0.0,13.135800013012876,52.12889656304627,347.3961355406726,1437.9443411390776,0.0,3506.051895164497,10512.90907261909,8175.993535665899,233.0285451138892,0.0,1218.0774501897047,35.868388034761274,472.02261888517523,146.52571083712832,0.0,3940.440285519082,5976.126490859717,7079.8759007900335,4542.781831719604,0.0,943.0257950615915,95.77016691588852,5.016251325444562,0.6040614592190541,0.0,0.8879171056767079,0.10621242231465268,0.2854684472455652,0.345200651885046,0.0,0.19038202135273924,0.09293570501068996,0.015540932755678333,0.0673528336746656,0.23683919800324366,0.0,0.12507303172989623
2.6323529411764706,0.13459800994902077,0.3467685863719856,0.5851216156072159,0.0,0.8165484373022864,1.4446816280054047,5.123997574043576,22.900558489172646,0.0,151.35483848134717,533.0757442113323,1433.3531338351677,3115.3975350074415,0.0,2033.7427252180032,339.72730928092733,1437.864227637042,786.7070438821306,0.0,3274.693042961103,1504.9956897928791,1207.2477556950105,4283.86524120957,0.0,130.95818058681758,1804.9456363960446,1430.8117492051847,3086.6083970464715,0.0,931.2741061049148,72.33271500472776,13.30909963206895,11.852123323957098,0.0,12.240160724904639,1.7559898599058967,0.51258030970228,0.012795755575790687,0.0,0.022665647689861578,0.210154847492795,0.07174198166551088,0.08614839765388951,0.12523137604103063,0.0,0.120524358699307
2.6470588235294117,0.17794853429149435,0.2629150828439525,0.9150037663761483,0.0,0.9504006758328625,1.301897794838775,1.8215012535557515,1.4479069297993856,0.0,5.345090806878062,66.02732899501004,134.5991169560769,128.43194940884342,0.0,717.2352111897429,4008.4638913616914,6278.048978124825,11529.591715993116,0.0,15401.264844930261,15714.01484554441,24396.862108227397,11672.268087860399,0.0,1078.1899191803946,1870.9124147048237,7842.479842822198,8577.471983571675,0.0,1429.4886743853654,404.85308689754095,70.54896614727826,4.52520456166753,0.0,4.565232790132325,8.988096505588983,4.313509227331058,1.575860024368752,0.0,0.47139867510833133,0.42075851898647615,0.341486845342008,0.3214113898250045,0.23431753885391454,0.0,0.18599698862477898
2.661764705882353,1.3148455269172343,2.3592645184469037,3.654485934950385,0.0,11.585736548565873,17.899502991630673,13.313762687661217,27.862396403279178,0.0,28.476142544194367,12.925113270109156,104.90651881403576,557.9370557728691,0.0,1151.717979246612,274.86856495676705,3283.4816658226237,424.13294247664544,0.0,1133.492222821722,1274.520046761121,2837.982126320877,9882.839125806284,0.0,6132.576671517759,2881.6344817873987,6268.429128558692,12748.50620651355,0.0,3751.9292573630764,288.0954274649481,78.13953987561113,10.563095873760755,0.0,13.073600151234873,0.9730123295450972,0.7712525650409998,0.7938960584477723,0.0,0.40848616517396774,0.20502362070759145,0.1844113668334245,0.02490092545961515,0.2322269777778747,0.0,0.14663839938251466
2.676470588235294,1.9863191297258909,2.0619132588825817,0.93953443726464,0.0,2.1889866742929356,2.2367266997571615,6.272853948242149,35.58479022999178,0.0,29.482625073401646,29.494585334892292,100.25222240403244,220.47704945577914,0.0,719.53881111826,3104.715725788915,2308.6785622722814,973.2112654725167,0.0,3113.8443808184884,1270.251573668582,2719.6450934152563,8544.885492386204,0.0,903.7838341382496,8516.239043836125,16959.93850919242,1633.5475049379204,0.0,5908.2904999899965,968.3408984295157,104.37664942695824,10.319630727996294,0.0,12.502005305534299,3.3319698032398506,1.2605392176308885,0.06463427146271211,0.0,0.48032685115015733,0.339894834359873,0.11560859060184502,0.04744216191583113,0.05640497427177526,0.0,0.060725224965958134
2.6911764705882355,1.9696472927160436,1.0864936507246077,0.7900896837932735,0.0,0.0697752979206695,2.626702903435848,0.6753394369881349,38.05754984430298,0.0,61.91581278625488,111.13235030520784,273.8365777685977,483.75946050728487,0.0,1512.9506653715644,1012.7901967636416,1236.2713690337323,1365.6931827501803,0.0,65.22737491403876,1708.4025874303852,1867.5710429610344,113.71984751430968,0.0,8237.155607249537,15476.157411692933,4199.890904973185,325.11198852739216,0.0,8074.109697551993,11530.036472387006,649.7270198921589,22.249554733881055,0.0,2.2141291160384875,3.8218325123182,0.6867517083558558,0.09701918452454787,0.0,0.11279674394216997,0.05022171853822576,0.04639680545348557,0.02013124092754547,0.1351375921438911,0.0,0.052057628754890235
2.7058823529411766,0.8859295183571203,0.6353756534548762,1.2798056542856344,0.0,2.9890009997950666,5.610211511833586,30.973756452762828,90.93545811674474,0.0,85.89104978176579,246.47998206918504,1385.3026496005905,1429.257261540251,0.0,441.52274627635484,510.71322809512486,158.43955142597815,754.5106500547727,0.0,1710.1468008518214,28.77851466419952,110.69606168247554,330.1980817813146,0.0,2363.297383748956,2643.266847365656,368.67316722671444,3047.0068997623275,0.0,17272.975049670298,12441.278174838746,435.1031085379492,37.81143683217689,0.0,1.518739478658926,0.5871651638818696,1.307228018099055,0.24813822750682246,0.0,0.04439853840050467,0.10045160440733408,0.10062295232457794,0.2555338661930006,0.6322844384753279,0.0,0.47598702347134514
2.7205882352941178,0.4639911809852369,0.524301018046139,1.570165635790195,0.0,1.9235220571496934,0.8624122654165645,4.642539658423202,39.79206029778496,0.0,34.416694391144055,281.5454371858753,888.5548099504622,626.2228796850144,0.0,345.5081411405959,917.5982959699461,769.0887005662516,215.5026829000625,0.0,2344.057678138799,5821.017585432834,4584.71160890552,1399.1831529376861,0.0,2260.091737042408,14061.44546645141,16828.975790056847,28494.440407566544,0.0,31416.20946837653,6348.969429457204,181.2699387645388,44.75106299069624,0.0,0.9859467373528612,2.3414897623640263,0.23711707533664073,0.08600960976410325,0.0,0.029324946115833462,0.25432128498034273,0.13728305904274024,0.03923512265836199,0.05598261703466739,0.0,0.08999230668536087
2.735294117647059,0.2558190818659377,0.6023041379097189,1.164502462350449,0.0,0.29228201302960344,0.9258370722768683,3.9050775067905477,34.55263289688022,0.0,30.88236913738081,38.472739331542655,88.54848490425479,242.73504701324367,0.0,296.38191248493774,210.2631318830634,315.77322112199795,637.4038769348664,0.0,612.2366681911622,1917.898204223301,5444.000326586326,3916.6672865246796,0.0,859.9982851189446,712.1958084295275,2221.3037279578475,1101.1193413580113,0.0,1025.306296895993,3427.3669613992797,321.46526446006203,8.539284925991868,0.0,17.158884372902527,12.87893679948423,2.9884696879717594,1.871618567755603,0.0,0.5594257322580616,0.2518362784016621,0.5636811986340817,0.1547163677883438,0.039496397103797196,0.0,0.04606065440029306
2.75,0.1270847663336171,1.591018158006864,1.029651914140252,0.0,0.6268209421735369,3.112243279793951,14.780052431306078,99.72995792390586,0.0,215.66045305609134,41.16848071632699,251.23753513106195,579.7376469356923,0.0,560.4588542803028,617.5956559712445,710.6112902865659,490.098708652254,0.0,235.67328108839868,910.1624469607516,459.14829078029425,11566.244148751874,0.0,7294.454300542653,168.46325493230233,1215.5956281064773,86.16943285966,0.0,156.295403251573,668.2097149692976,116.19113992671578,13.478778949343829,0.0,1.027904733064445,1.898258905234683,2.1744150299872667,0.28146241405753364,0.0,0.18650364047829132,0.3110106617603981,0.24941365436924107,0.1012423972984383,0.08527687130068369,0.0,0.1687292222014948
2.764705882352941,0.1972774474737573,0.9775074021230223,2.0238378753536743,0.0,0.8505183667959271,1.186980424343095,1.8662811894639955,31.802562016784176,0.0,118.90379638522202,260.94637705670493,1356.0090650217337,2265.252664522319,0.0,526.021496920765,86.11316558280937,508.1250852626291,980.2120910395977,0.0,2468.653087898153,6943.6184644957775,9845.761282325666,2250.117627334621,0.0,10902.649031747518,8661.586593605101,4548.152354875231,3253.165096961487,0.0,459.0410473788106,151.45550009874836,111.94787949620749,21.59222244913378,0.0,6.296708367434169,0.9851301190776252,0.04457108746921871,0.05911321813893895,0.0,0.07421805755166519,0.4111302345964841,0.32283310616149746,0.06282611973696894,0.017157758564126463,0.0,0.03678046348724404
2.7794117647058822,0.22088088000927003,0.3022741280136829,0.3804439804808015,0.0,0.21609061215557474,0.31246938685037307,7.342246459723123,20.50834668398221,0.0,40.29761397893971,5.01116431447959,144.40097569749042,637.5217109926159,0.0,1786.5073926872635,265.5068506104316,15.618050800203639,48.2165117604563,0.0,113.29139246379218,310.753979451469,497.5523732447191,1250.2930795577358,0.0,1055.9747645970886,2201.2098951299013,3898.1939839224087,5697.899506235167,0.0,1785.2254216024799,331.3519664037073,8.558328167878324,2.053860593077136,0.0,1.2586911464005217,0.6000529694530596,0.8720373363585372,0.2746401656522706,0.0,0.09509692359008967,0.06621469260005663,0.051183681747069554,0.01067925939530975,0.05117199365250987,0.0,0.04332581777511128
2.7941176470588234,1.84696981702838,1.093751208227416,0.5156059749905391,0.0,0.6871972501632493,1.3118303211437512,3.2358670710491193,7.697204457073237,0.0,44.1188732187032,103.43098369704163,552.1795466401629,457.21060109158554,0.0,2180.1947099608706,2608.0814978568983,721.2905074319974,1128.2769700041008,0.0,945.5592409584158,825.3441311377217,663.5094422346976,3382.122703641435,0.0,2460.7563517674503,920.3355171127196,2674.3697976068934,5361.446624697274,0.0,3076.1426504444926,470.0155256636059,10.831941473931417,0.27654495895058573,0.0,0.2795892855322706,1.0568725314252876,1.0240263029614152,0.14647700751301285,0.0,0.07863473232900084,0.03452582784515471,0.03962575362240631,0.10649332730530639,0.07729194014923892,0.0,0.018687763571888696
2.8088235294117645,0.2680926150220621,0.2569540306355484,0.05416321268996625,0.0,0.13964542021114423,0.3006599355134276,1.2082371947376298,1.2729193251548057,0.0,22.4709007184057,87.50563134833644,280.75119455092533,157.54771802063397,0.0,218.69870999437308,788.5034329869852,950.1535236450738,1617.8227821643886,0.0,896.4077377952128,317.7255281416327,2027.4162164485342,1933.1265915620534,0.0,1179.2597219868346,1707.9058927373808,199.66812411032976,516.8770653756037,0.0,574.4656268860784,233.02426509346594,8.698516207968387,1.419058967235525,0.0,0.9006837095031053,1.4701907382515556,0.33392085622445206,0.3058866341589266,0.0,0.044795079691655575,0.008214252759130916,0.004535656871378083,0.03878331855080519,0.019903692673071516,0.0,0.029145511495892854
2.8235294117647056,1.3982347195945475,1.0620740129607917,0.6977556093710855,0.0,0.3538630397478808,0.16291789590598713,0.2839217106031855,25.649456593399727,0.0,227.13460190031094,71.37427408513301,865.5659078964878,1072.5216929335775,0.0,559.3426450811173,3227.607644847582,2960.1278739362624,2341.263894347948,0.0,3331.028820236564,2044.368780824264,1938.9663276218484,780.9338396607933,0.0,1835.1321188773454,4569.846041458848,5682.836501339683,7750.765969428612,0.0,5377.2079633095655,755.935760414342,2.9264777799848827,4.4845098474055725,0.0,1.0181656875265663,0.5479927007927003,0.8107761268102915,0.12263608787979581,0.0,0.10937103079269153,0.06422060281261822,0.01936912847904121,0.010409941846754782,0.019902465758490185,0.0,0.05055454258469466
2.8382352941176467,0.21237136145336033,0.41291303953240877,0.29266429908608277,0.0,0.6731309477917282,0.6904077503167904,0.2966144078270627,3.1075829174686875,0.0,336.39593889950345,800.7202599714342,411.7484255800189,224.5282360681977,0.0,689.8534797288811,2317.9706389545495,1744.768880338538,1388.738830266139,0.0,1655.5894727847565,4788.400788670309,4068.0039967948223,1143.6626575722278,0.0,39.24704153589025,476.6111144602213,1883.8837922145585,4876.836485237373,0.0,4682.573431661613,572.0208967008155,13.773906442191134,6.3572174720313175,0.0,3.975738520037843,0.5903505834021081,1.5242327193428609,0.4295942249286532,0.0,0.02249737109043596,0.045982303736394836,0.0291458585931132,0.025429238098923928,0.030288902787280227,0.0,0.018894511571204236
2.852941176470588,0.23798209890692257,1.0389078306658532,0.7960067638629658,0.0,0.48125619774809564,1.8856356514421493,5.373481473400117,33.57514461414205,0.0,526.1607401866999,1323.238955971022,609.2141213063901,469.1216878212243,0.0,555.4247115425471,610.7997149896453,1798.2509300933898,3597.079790841565,0.0,8126.30414448488,142.02063474664428,5356.907441113517,636.6931386984294,0.0,333.37401362630953,1837.6166927292256,1796.5182092178125,6229.185516616142,0.0,6469.1276577699155,520.8707883434574,8.342376991784576,0.9138724767588069,0.0,0.372722122536956,0.07479561958186973,0.4900638490163266,0.0852223004095575,0.0,0.4398394601756014,0.16152888387065867,0.023795247298426282,0.11100976077786302,0.05505824660996453,0.0,0.05757188352516454
2.867647058823529,0.7289583965223081,0.9577681099082644,1.0268360340827907,0.0,1.271161054385502,2.8460100177031604,10.849102434324942,29.417703528697047,0.0,193.5774228902022,951.2203918356379,45.93213250838997,1420.56980196444,0.0,863.6074784739733,654.2746870166303,2588.1877343800393,677.9288950891372,0.0,5210.812008967273,8736.704947124881,2373.0758719150717,1608.3934954097372,0.0,3352.2765265464295,4807.274080228794,2164.1908550713524,2215.581643630801,0.0,1166.805044986349,248.1306391121127,1.6712521879359465,6.679600133540088,0.0,0.5596659003180982,0.6073362880862574,0.298688527346493,0.163257797716168,0.0,0.10365832354655555,0.20412422325009466,0.2774508934708181,0.1501394012335345,0.23761122440566168,0.0,0.09501023952104737
2.8823529411764706,0.941670431326409,0.7564233907408211,0.5728423323708735,0.0,1.444943392831504,0.4302090091956258,3.6762201047899055,7.486063349317918,0.0,382.098688324589,1769.474500973632,1505.7071748202036,279.9445305888546,0.0,98.2731088828378,127.96061908331117,1442.4008224014142,676.5598308612908,0.0,1686.7885204001325,825.2365717256665,768.174667416759,1562.975317103365,0.0,9012.575573443162,10055.981151015476,5759.346508638373,1728.1518483868217,0.0,4521.9643874551075,847.3401706699301,15.92786300463014,9.359031938037305,0.0,0.49813194995662907,1.4508354558741579,0.4146619284957897,0.10432320401623446,0.0,0.08364637749992147,0.09673616076036795,0.06064095842799636,0.07753035745013781,0.06812927917179162,0.0,0.023863565463772395
2.8970588235294117,1.238631647797004,1.1462186501563825,1.66645050085415,0.0,0.7651988094164879,0.29143569162078753,6.16533443474058,11.071722656228584,0.0,114.30253737503295,1079.0503572415093,1339.4406708015626,667.5044670638514,0.0,42.73276499669106,231.78053474873474,2761.0627521586935,5389.808760208296,0.0,1482.1919094948153,2060.605804985199,4914.643075085114,6940.564137812868,0.0,2644.6872717728147,2799.9087601245783,6394.361953241556,16227.29285253918,0.0,10767.365678200562,613.0740363601755,41.34742551113328,2.487887758535333,0.0,2.6363126756318307,0.4653357460991348,0.11715621117359681,0.29456239030837195,0.0,0.14642793477847374,0.07778108055344862,0.029175422454389734,0.02651261839890068,0.021796002746780268,0.0,0.00983670559731896
2.911764705882353,2.470586478852482,1.6200705305833318,1.513836619582999,0.0,2.9441574195495783,2.8901001092772916,3.2571737826233322,13.778101573942896,0.0,116.92518229742169,2354.0933142338804,2126.483439524194,1014.9083649654453,0.0,120.4508965864049,178.54393372928288,816.9297235775887,80.46253470862169,0.0,3440.4625423200705,3128.907598540397,1107.43356727317,211.97993496928746,0.0,1184.736244747368,868.9817009583135,406.16267969263095,526.038827425628,0.0,2021.9536703247877,524.9280227921674,14.60789511317199,3.3817562783393185,0.0,0.5334872439477016,0.1987787861223855,0.948796642212425,0.6305448142992616,0.0,0.12421689165604288,0.14082003435875556,0.1018670194083848,0.01552060817904891,0.09005304888521873,0.0,0.04434875108122699
2.926470588235294,2.3088630859144756,0.6169479410538776,0.7666245232182365,0.0,3.645759960646306,1.1255228924595155,8.892345989584896,22.79947477138108,0.0,130.69712361529176,3336.74517437095,6905.272119676871,525.6779235933432,0.0,2606.9423986094234,1841.935371393113,920.4788618306986,1465.549081682936,0.0,178.8720100199141,161.72864021064012,1307.9673801818922,1098.103729516969,0.0,1087.2483502169337,5639.835039891857,6850.091482769434,3617.200881455233,0.0,1116.1798708546862,484.90933706436556,292.09739195148336,3.102644203510562,0.0,1.0563087008435408,0.34663860326230767,0.5936757263944192,0.5956460557004939,0.0,0.11504668529992676,0.08135920458700865,0.08310624353909828,0.053022706565257725,0.02833355641598951,0.0,0.290531977865248
2.941176470588235,0.2724087582725463,0.43035229149454474,0.5490931449336532,0.0,0.4515236349865177,1.2460604262650576,0.7207159628804154,24.42885483662031,0.0,324.67428751103245,619.3394994515054,2077.127678686522,15077.871019668863,0.0,14073.392466166504,2978.2183448094324,139.93931744175643,1445.1337046557014,0.0,401.137434531831,120.10458944234168,2240.9767706545263,2314.37687694957,0.0,3635.6033096029114,7264.574353173687,6598.181550521471,2362.334606201455,0.0,2648.7898269996376,1281.0958573274897,21.491321746702095,24.404870418280588,0.0,15.976282308647146,2.2061454703270282,1.0052722478267377,0.17385898823418738,0.0,0.7653236048591555,0.2112778808439292,0.018410098034937476,0.03860395425743335,0.11268204087694517,0.0,0.07452144887664977
2.955882352941176,1.392531395851367,1.345300209189199,0.7551277469897656,0.0,2.2523232657067265,0.5276713952690268,1.0991647488673935,14.697031417487944,0.0,33.45561891970242,214.98205538369902,150.62407956666397,409.43689457524994,0.0,9649.457539517269,12623.354637316555,547.5290733613838,1696.6387828368124,0.0,800.922303620717,640.7380294507518,454.4976180517637,817.3359797920867,0.0,2109.3268484983355,1377.0035784720217,5672.636505127342,9936.937499959171,0.0,4603.417848428695,293.4933840543291,12.16487811435822,18.10568304128811,0.0,8.54945333021173,6.516872211034695,2.0332473338571604,0.1291415771775648,0.0,0.03702529054794568,0.02521221836486997,0.12963246436415324,0.10482799875387747,0.056727993488857126,0.0,0.13563689225537046
2.9705882352941178,1.443502885977343,1.0720825021198195,1.239753911381423,0.0,4.006662751303198,3.5718033010402404,4.221163864615403,6.465203749647663,0.0,20.424260444350878,54.40988352322138,912.2868646023323,1614.0609944449193,0.0,2986.4716198521146,1484.6455923783385,2290.5083510708682,12450.593474145215,0.0,7417.518113789355,3347.4914250758065,4110.303866180812,6799.800137739869,0.0,2183.720610917343,1080.5242784452214,2136.2896917354033,5927.581183088025,0.0,639.1269180983002,537.813192367192,21.03503793944742,5.0289713510017044,0.0,17.177292590933412,2.8964466785800855,0.9322307931555411,0.6000550422474469,0.0,0.13902274568054523,0.428180287081912,0.4022355565415944,0.23194348530117126,0.08456466947668695,0.0,0.04362423054218857
2.985294117647059,1.9218709319867007,0.5681428524024142,2.0720959924940763,0.0,6.7974603791348835,2.812775679684892,22.063475880001803,56.676480960907114,0.0,19.318538888487275,370.38665804679806,1651.0090447071516,1930.920367900665,0.0,706.1280217063766,556.7250752080813,2969.27525692345,859.5002623790089,0.0,3967.3418074541178,4932.729167875923,4678.100213967806,2868.7906899442814,0.0,3926.3520451783725,2301.007995892574,3587.2513627957633,2302.3531326099983,0.0,1400.9436222337372,1338.0043659514427,25.200948687134517,4.518776827959737,0.0,0.009663661860932645,0.0863940029370591,0.5813206120176116,0.3673302791626688,0.0,0.06676630346021689,0.08442574587245052,0.05302522362339315,0.04575860338042076,0.23693871929060134,0.0,0.46754556021577987
3.0,4.997645462065196,0.8457939734929857,3.6743956232611072,0.0,3.540556913321839,1.7078064848703352,11.79229281467137,33.78913961119113,0.0,180.96903594320736,422.64418103753303,204.92242777750022,89.40398493266866,0.0,465.40930290071185,121.5514567133861,786.4434721929858,4424.1640519135535,0.0,5392.35774216099,3111.8740949146977,1429.124196982592,2574.0822452458733,0.0,6763.116230768272,2386.371723702947,2391.0885576795217,1498.5197237715047,0.0,519.6336636381443,1175.1389966808715,22.29809815562688,6.790281053823783,0.0,6.009747629946827,4.842168821259679,1.6095450943538088,1.0302247843436247,0.0,0.2319278422846936,0.2854633808436105,0.20114519282233767,0.7688743998972594,0.2970155245684159,0.0,0.18210733212299918
3.014705882352941,1.187177674792354,6.8220083005227945,9.322248359426853,0.0,6.532974124412975,18.74177989237097,16.235160928905362,9.579194307980329,0.0,95.93231172627543,287.606060344664,371.5705517869339,689.7282465936378,0.0,1230.1450112215398,1160.1280131694946,2294.6544914154233,1446.0901397736998,0.0,575.9229273081505,968.5413886064721,5591.8370854376535,10657.393685336601,0.0,829.132558161729,12035.750952056515,9010.740170886897,13986.789077120093,0.0,23438.256307279815,5019.735566738053,119.74136702959811,12.582598397957984,0.0,8.582690859869288,2.1235771106890704,1.0423360370926174,2.191160185263021,0.0,0.5372210998357673,0.2231177155165005,0.45552535301594044,0.4397060691419614,0.02989174077785723,0.0,0.10149208979608464
3.0294117647058822,1.784061908358257,2.3114325118619985,4.605155506622031,0.0,1.267301615720428,2.453727259459475,7.565162937913843,2.958398094125572,0.0,55.26650371404324,221.01308995560655,325.22031481683507,84.87839842177496,0.0,382.78517142728134,542.5516803990721,485.77948048808196,1915.1182630381527,0.0,3919.660588670268,751.2101027364787,1244.4090266314038,9871.837229830859,0.0,7960.80741010957,11442.256153760998,10785.916139880666,18381.418173727325,0.0,483.1253878994578,5113.091957789713,378.5100732246828,5.506796859103611,0.0,26.03298739292967,9.706358385209152,0.1958220825360549,1.1273430572739027,0.0,1.259233998026175,0.9628001377227551,0.4988814762649647,0.29499371667507557,0.0880378280720264,0.0,0.12633160523219744
3.0441176470588234,0.7558521966197902,1.2779459210277373,2.115162625254805,0.0,1.334896983715086,1.5002405202318465,3.1036850319856653,1.884410428967076,0.0,11.743621650999394,95.57537169892564,79.80581278118075,179.25095585832082,0.0,75.84709784677062,165.2582091732021,2903.1174624423115,3236.457349048733,0.0,281.11655579247565,4770.77631947275,3431.6416639479767,2590.2254785344057,0.0,7271.841011785336,2543.7457181386735,452.4251587146026,141.19763248950645,0.0,6997.989873724186,6201.785467561153,138.21082400262674,20.134798157673785,0.0,6.992975211331707,8.127576622898012,1.4063812084643916,0.19500940892631155,0.0,0.20290671760147072,0.017813950080296775,0.19342445894236254,0.1927940188668526,0.1331706628736303,0.0,0.11963787960388518
3.0588235294117645,1.1812678728412012,0.82125381036901,0.5526838580926303,0.0,1.7264435398392832,4.3929027744539075,5.859702384626124,20.02686248833154,0.0,167.09928454113145,356.6967100025616,679.2511552695898,614.7311944565311,0.0,1218.3967978949086,2130.6285471031906,575.916242048951,2388.707014041259,0.0,2758.498549068115,1582.4457767685435,2662.7396534695918,37.757762848722834,0.0,920.8267088955104,2023.273128970886,2306.2444762624527,6940.145209910418,0.0,7419.889260875826,1158.5886320974994,93.23964083485077,9.346656209427543,0.0,3.447364362704163,2.295437069763669,1.201414656563108,1.8099748834267144,0.0,0.9043568333148042,0.1914044676768608,0.04343889870722513,0.09691106919707776,0.23532859522054045,0.0,0.2340100643138846
3.0735294117647056,0.11314755626950518,0.25774660557958634,0.20076248482556977,0.0,0.6241150857828053,1.834768878255348,1.3483805870663748,16.393803998881317,0.0,175.47999302130134,925.2773029533198,632.8825563489514,103.67520193820559,0.0,559.1520345540698,585.6318642486856,523.3661230813707,572.4619176892388,0.0,4977.25096131105,5360.830839639683,3128.489286165979,2537.425284863304,0.0,1712.8464784839998,1724.7500867481094,1627.8933829125015,3625.123785935203,0.0,3099.764141643323,450.4931642639823,34.812583436203695,1.7920626489926568,0.0,1.0088168245542832,0.4616579713441645,0.10825642378959872,0.12264434023157665,0.0,0.07849617246142732,0.039339989152577776,0.06903629192259529,0.07927411139753307,0.015707812792471437,0.0,0.0724507076549592
3.0882352941176467,0.07007349322840911,0.10804525551837835,0.19391711444980114,0.0,0.3518292724918907,0.32202215690562036,5.964733418472967,18.157203342835118,0.0,94.13642547931482,323.70505039709843,200.21582637606832,941.06854631976,0.0,932.8254188749595,1775.2006094595868,105.01533483296944,1157.8606429299116,0.0,879.1723596316453,4385.952995048807,2128.7661232659107,954.9620291428828,0.0,786.3674276764656,806.202912072102,1665.0343247397495,636.2837019074623,0.0,125.69792922338455,105.98313413347724,83.83608103801296,0.513085864582132,0.0,0.1691840226742275,1.7537771172373842,1.299737014039549,0.31503532030687736,0.0,0.20812768397501757,0.10065365542788546,0.04144848272392315,0.023220925653252178,0.06916331069615972,0.0,0.0991448647649992
3.102941176470588,0.4205357189106915,0.3928311272073062,0.014081754211637812,0.0,0.2939151935275977,0.5557004628817128,0.7159607289359393,60.27368813314172,0.0,90.85669627777499,238.0019909317423,814.7417225344066,1634.572026470098,0.0,180.61711717763967,3558.8041806597266,4781.002904919657,4915.233029528865,0.0,2808.2796953615307,2024.6100415027852,3581.855839029876,3370.194259910354,0.0,3208.864984968946,1674.3466745026155,1129.7193420874805,4128.3107297311335,0.0,3964.0415690347654,512.0576287091338,25.696867291029328,2.3773018023578194,0.0,1.2526488905632052,1.594648436161231,0.37169924865771165,0.39211812020701386,0.0,0.013608944718906706,0.07460477720718378,0.1354896636635793,0.05684660770837684,0.018913855516001672,0.0,0.019143822204361196
3.11764705882353,0.26843223692604223,0.16022561704234403,0.19392613655787683,0.0,0.5535152886879596,2.348170149175428,1.3119110513337,40.80675923774655,0.0,98.94308014848652,18.545614967698107,51.686214292103735,881.7827894778367,0.0,4906.61282227059,2539.761480953629,827.0553757620355,1100.5747128039689,0.0,130.02085692815086,369.1564896967197,937.530822594401,7851.009701466188,0.0,8350.833448605752,1665.8796894376235,1400.578674225708,3552.3736122455775,0.0,223.20018034857674,62.87335316795789,4.277693932329401,2.828726709226519,0.0,2.832489612931984,1.4290312554034528,0.17421692234049463,0.047972352232029586,0.0,0.1071170751373292,0.04777508062274127,0.02005171607745617,0.02106714561677428,0.004827533068929191,0.0,0.08357809589458826
3.132352941176471,0.151738163206807,0.17016132134147283,0.19431879101440241,0.0,0.44992042044090513,1.8206716151617588,2.659334505639083,12.56793982748088,0.0,50.18573617234097,150.00418941528397,414.27483521803424,410.5765782540207,0.0,60.474294260575675,2763.0217292969987,4676.7145568727665,1960.4911953372944,0.0,5592.253838749744,5146.156765263033,124.5570431868102,524.2501275952973,0.0,1813.6345490212107,3833.4556932885293,720.5834671369907,3477.1000916046214,0.0,1608.5021700698903,63.10888410234312,5.485736049743217,3.5921462568132254,0.0,1.741749773160061,0.33345668422288566,0.054701053412908644,0.5837721487714473,0.0,0.4687816937085737,0.06409520169382454,0.0216817777397005,0.049161098645404466,0.007968984426068606,0.0,0.132324503547118
3.147058823529412,0.881745516718097,0.3851193547001073,0.25030421730077296,0.0,1.5810283669693967,2.4678546806858277,5.582842179537408,3.5145798392662004,0.0,5.755673286148713,29.795846737230946,179.69245507819653,328.5724231725694,0.0,604.1053569804549,314.4794506252247,927.4395872496896,3362.443880325052,0.0,2424.0064978338023,3991.756396776073,1758.2631955727068,987.4382259189942,0.0,682.8463970141557,328.1458559750602,1450.3829076454326,5852.988463952184,0.0,3991.130881617212,186.32584450811382,5.935316760305842,4.51762093783802,0.0,1.4129721212118782,0.12814561732910115,0.4755418481682271,0.17919681222173345,0.0,0.12363111934236395,0.055704339455967054,0.05574189900155826,0.11590873076130069,0.02147741427264094,0.0,0.01353495019538395
3.1617647058823533,0.37612015267356225,0.41111436331540013,0.06860851194847364,0.0,0.743240825161635,2.6566293001380377,2.781450580211923,3.2815903777818525,0.0,53.82502416122726,327.25873535378196,597.906059533376,1075.8724168210733,0.0,273.2138188149793,439.021039512544,984.8144939526239,359.11250246111797,0.0,3197.869453494709,5440.808046055825,9222.054224453997,7283.657406529977,0.0,3096.0133599314813,1256.1075451043716,77.87748841850892,986.6446145083698,0.0,1384.7720772159607,340.70583050230164,7.635768787947544,3.0291109231199864,0.0,2.0578665914536334,1.9262205223877915,0.4959564267484853,0.11354313501182904,0.0,0.27645845780297734,0.4015134648573324,0.1857684257702094,0.09313930030544765,0.09023890415266264,0.0,0.2041811541227359
3.1764705882352944,0.8268310781870951,2.147403415803834,2.499575348967327,0.0,1.7613448434393666,3.008102750133795,2.368411582736049,0.5849401059138305,0.0,16.02965428093885,170.71143001951958,409.7667787079064,423.01773649805614,0.0,4319.724172056174,5490.999224574625,1591.5112368107027,5069.416306336891,0.0,1190.0616359757792,1058.2049701890917,126.23933007399995,927.2712501221288,0.0,3228.374969362176,6152.758165645953,3733.317226528146,1648.5259427848448,0.0,1054.1851193562793,287.3833874732127,58.8311021912763,9.677801234515124,0.0,7.900244210389734,4.157059523684413,0.7204153074464317,0.7352216622625318,0.0,0.29449963400701085,0.12685538993756593,0.08866229704522294,0.06322315081534492,0.08109635687393701,0.0,0.044629356236823785
3.1911764705882355,0.24365020452092456,0.7655538579492907,0.6522658908266734,0.0,0.09695153603398587,0.8215434343367157,1.0264840419100834,3.0631864683371566,0.0,19.743234355640233,5.28821784609489,175.9583549058736,422.8459303294463,0.0,1555.1267862273144,362.7283049808108,880.6711445811857,2545.7686474668794,0.0,1770.0820440525908,949.7288163255439,4206.845800664685,2745.003048017532,0.0,4795.984549154655,2379.8827168896364,9853.776179295019,8703.804606357875,0.0,1812.8499588602745,233.2295962834158,13.80936622204988,1.966340733306499,0.0,1.3787068488537773,0.8981104624397762,0.0768862884653659,0.3106713157007087,0.0,0.22447278791962794,0.040930026388455415,0.05254299602184805,0.08142314332679565,0.039445136186645455,0.0,0.016520246253479066
3.2058823529411766,0.2814353748992504,0.5855366383199171,0.8021509433131365,0.0,0.46574490015542747,0.1483161002330166,7.206811440808728,39.72151433627302,0.0,57.79608473287145,9.97781862962028,231.59349646339012,85.97799570563787,0.0,1502.1002374796728,3091.7225961186928,2289.539802509864,440.9518314669547,0.0,1263.4144160992155,1620.4598676926157,535.8914483220049,2333.046693931124,0.0,736.574392713929,5072.277884790393,11913.612295646159,11796.835859210845,0.0,2914.9465234419295,844.3931434325198,32.186004778781275,1.8837482085444417,0.0,1.2409215967582692,1.9273209268224147,1.5713205918522444,0.6149512779940862,0.0,0.09056982222602306,0.006236299256246752,0.014288626473489364,0.03487735182090562,0.08226783023312426,0.0,0.053926191022684034
3.2205882352941178,0.36227801236279344,0.06817875669486696,0.6502164671145434,0.0,0.7407943330154128,6.487670863473429,13.32753307206986,10.431340939916605,0.0,14.333384943768628,138.60894554460458,287.5798875226691,153.38674767561565,0.0,94.26081626297018,231.4410016427052,247.33312716383193,1190.0993721708398,0.0,457.4074186847555,4470.7070372381995,4627.1892096806805,789.2838652474308,0.0,983.9651834747838,1336.00887749393,448.1161364941946,1320.6926734280755,0.0,3506.5969842115064,1057.8754571561901,6.353184618537814,3.4834586535316396,0.0,10.078081808451394,2.6100196852440765,0.5907660604805137,0.23248463531866018,0.0,0.21915115867203683,0.3573466280111808,0.09058968956622045,0.0051175636674193285,0.04788013517780557,0.0,0.035669760483448096
3.235294117647059,0.5498256869724536,0.3006899465820678,0.4905153446943787,0.0,1.164455177413539,1.1064245456453514,2.392378977723407,0.8694391619060804,0.0,33.879880004746596,48.45657260442107,289.76535305379315,415.45873744177,0.0,590.6780199745899,472.8427438856252,648.0791471044146,2443.1193465466367,0.0,1041.9438783916873,3224.395372240173,312.21891607317764,1079.8807969421775,0.0,6666.916231537789,7089.118208340211,1764.1267127966348,7355.1968031950855,0.0,5716.968836117288,1868.9601463644763,31.619864811413045,4.709205988523589,0.0,6.963673475602084,2.9682303135190216,0.49610698314159873,0.2580432561479263,0.0,0.3452537543341412,0.2057443613491816,0.032637540038554506,0.03533618125668218,0.14917747725894664,0.0,0.24712473565578197
3.25,1.7073244409318544,0.2869931139303069,0.9294183061218146,0.0,0.5453263275237439,1.2322241427980885,5.816320601651519,10.507904651350405,0.0,37.719959862809134,238.46913497341012,619.2143558151926,744.8172902444314,0.0,293.86859196695633,74.04287587883069,1025.7733016182706,189.7293171067443,0.0,2007.7897873192205,7453.808413690699,7898.8082131877245,13151.55427041856,0.0,11336.217086382656,6049.357383097957,18230.392949720954,1429.7577344877043,0.0,3848.4858574280215,1417.0609744985982,8.541057901368521,12.521455083977962,0.0,1.561865051882957,0.558520646831975,0.8602592217734233,0.026679249186374796,0.0,0.21348065606053407,0.081593732453869,0.0804715845373425,0.08827138125587836,0.017624504170578568,0.0,0.12597410762091482
3.264705882352941,1.8256190258114366,0.3647456387553586,1.1300555250913473,0.0,0.7581345694154663,0.5517998589715828,1.4654640440000404,3.38352362946783,0.0,85.85403970424517,35.108020107879426,274.4701022287019,338.03717819828466,0.0,440.657634415416,615.1172191682377,110.17894146618701,611.7712692429562,0.0,541.9448830476343,216.92907845629804,1416.8169253160709,1652.7221621437684,0.0,3232.6850038043917,7482.175251191445,886.9481543388446,7949.343948368496,0.0,2457.146729592842,30.723649654745632,26.039794136372915,12.093001482956259,0.0,3.379111043641034,0.06794916742257862,0.30286665975818966,0.3248246260394549,0.0,0.02325772490277187,0.08510881462433681,0.08163627683015752,0.16586903272425224,0.06645418814223973,0.0,0.014105365805528779
3.2794117647058822,0.288614234310959,0.48008588891557785,0.818305249267723,0.0,1.7677102163521918,3.1626306656269447,0.174439757196147,44.74281138129787,0.0,53.56295323859439,79.75045974533329,1137.4353984633153,2299.576475349474,0.0,4001.861470942349,2702.526598351955,559.9779853189082,1289.461912955191,0.0,635.892666246491,668.8814970631768,348.6112571673956,2082.595687705398,0.0,722.9381306476231,2825.285231411854,3000.2414511384263,1168.2345466668016,0.0,1499.970472286407,150.1321335153953,15.389880585416153,2.64580297311352,0.0,0.5569256994867908,0.5266826619001569,2.0427608853395745,2.6492716185576866,0.0,1.0510913559210175,0.40888602341148805,0.4976405894332899,0.3361988687898654,0.0989600421744211,0.0,0.2917892412238489
3.294117647058824,1.0421642674332527,1.2391849331225462,1.5199883680237791,0.0,0.5926313626155879,0.9132225925409209,15.897460272915284,50.10671411107295,0.0,53.709004917445895,321.0989003781345,375.682271718058,379.1015189810013,0.0,1594.4629429415586,3741.8973815712525,2629.4121221105524,660.7545691528007,0.0,1174.0290081871037,1645.1276731085,192.81964538208769,283.80181493843986,0.0,1143.1609799488172,1854.9397647642404,2817.508503118309,7916.32097128444,0.0,5744.3108844937315,477.1264961068897,12.306532460462364,0.7963163402041455,0.0,5.527794030422105,0.9209056670305946,0.2194230125792727,0.05497065313336171,0.0,0.08599012742353086,0.09556187110092768,0.07236826837321993,0.21350856454183795,0.053777805541304534,0.0,0.18265634988652985
3.308823529411765,0.4969088949077368,0.5499232582951805,0.7432018790291298,0.0,0.40220816872953685,0.39229976595851684,6.017669714671837,25.399018153881492,0.0,52.96864557031391,298.22443943413754,843.6779862393137,1081.0029199746118,0.0,328.61447488778185,603.5944249456595,3676.8798320766973,7337.032651395226,0.0,7019.168073517706,2987.5679738124927,9449.638546793427,8235.000850625653,0.0,3499.0618449997214,1069.9792123031361,1342.9554682750268,1432.4509074275156,0.0,1641.5748578884643,2436.9516365643244,96.6131303150471,19.34984021968723,0.0,19.1617818767066,2.485492877789026,1.1886157268669195,0.9360675085123051,0.0,0.5162832711866627,0.07680875191898756,0.06390863843064108,0.184657455602504,0.36863025668141286,0.0,0.5020548181311737
3.323529411764706,0.6646095523083371,1.1537468348557114,1.0005400168540934,0.0,1.0851247885021778,0.9929301622447986,3.5927321610016083,26.35437954240543,0.0,174.2073300711607,382.41671910321236,338.82120337477227,568.0138873540969,0.0,417.19757435656277,142.24043954364316,523.6476827365345,351.36144408585676,0.0,1271.9579453719982,2985.922699342172,283.83239362467714,1818.0210395887693,0.0,603.0393936420477,1318.4100280647526,915.9910321777277,589.9607487722799,0.0,2656.2479063234555,985.3705447702362,32.84682820889619,38.405722906302444,0.0,18.38980713661516,11.898056969114549,1.7641790262495056,0.5464727962005671,0.0,0.5509900222561626,0.14802535894225796,0.017251454255059234,0.0949059166287797,0.11511813540892535,0.0,0.011213658028616591
3.338235294117647,1.6414876500351097,0.7764434471324528,0.8645059469646781,0.0,0.44715428338117413,4.153975808857398,6.8995111129040865,17.177007148362733,0.0,1.3610060007565568,195.34187312467273,607.4526041766594,473.475296331724,0.0,112.2981006211946,48.76867664893287,399.17530968177914,528.0824913419656,0.0,300.18201822620443,411.42812014755157,225.43729600216466,140.9981738799566,0.0,368.2426876019074,908.5229689913026,1682.5027267723854,534.6134008845572,0.0,673.1831077840855,1149.0941933087665,132.40518922331034,5.262117535189695,0.0,9.737994217577892,0.32360868204372306,1.0559207941247974,0.4276791374315555,0.0,0.35904384243000254,0.045771867897845916,0.36652224053501437,0.1970763002955153,0.11906487959946205,0.0,0.10133007431797143
3.3529411764705883,0.8771993543712868,0.2688224019874704,0.7061875702812753,0.0,1.784169326762931,6.211374225052888,9.08655790738904,17.498824382373876,0.0,23.748867789002208,36.4434428125754,47.21461493802115,185.00435514199492,0.0,209.2000944262104,139.5133524920871,117.4915513057039,139.55874594307414,0.0,101.49400633869044,1040.5831291343266,1853.4674638838117,488.2643082936909,0.0,1279.96248922051,1841.0385148698504,9182.131735290972,10350.011751618798,0.0,7143.51082165347,1868.1164289845906,22.94448791074104,1.4328861541072058,0.0,6.751415928701438,10.805132118695433,4.6134507918099095,0.8936415969082454,0.0,0.5421281352784588,0.6153268904774831,0.8441875444577189,0.7623525674139148,0.3063461581897838,0.0,0.08013308941334057
3.3676470588235294,1.1124765241672605,0.677993666614001,0.7824079217771507,0.0,1.0627757201076415,2.211544560791175,0.5941221721094796,9.400856671947942,0.0,4.15768201774989,46.760003559592306,73.25667877975823,23.823840070034443,0.0,408.5612068326488,1014.4746485294752,900.1529730189193,565.4109783785373,0.0,1296.1213795289987,475.0521946369509,1351.564108300356,2630.6457424801574,0.0,858.6248475973202,2373.2608132424375,583.0214289595368,1865.4547682503257,0.0,2049.869928920192,327.84125867941253,14.581346101920595,2.22772147945114,0.0,2.327656181808658,0.3144050401146683,0.849071641390113,0.3272613832656285,0.0,0.027544491745040842,0.054096545741336946,0.05005625505361194,0.06205606249813707,0.022574407416112864,0.0,0.03523628720612724
3.3823529411764706,1.5926762836221287,0.6087347865689267,0.554253554667639,0.0,0.7270100732853174,2.5861486960358655,4.103861472628511,20.6543633115339,0.0,11.788243410925691,26.194937230136972,1.2165692955810357,385.09312465922653,0.0,678.0513138806986,373.8308439757345,260.4382260927574,381.03592655042814,0.0,657.3871061250028,752.4758222585626,1061.1069726511394,83.51716878590491,0.0,746.2929856978401,1564.0852419179728,4444.588778293815,8700.250644200534,0.0,1503.6080147465389,43.12899656047247,11.294119079600687,27.567863686140633,0.0,6.192954391002778,4.024466137124541,4.0353470245722844,3.2202410751371704,0.0,0.8657405413350332,0.07808179842012763,0.017325744453105696,0.05673976984168862,0.048146040436957874,0.0,0.12491420302409129
3.3970588235294117,1.1136881710220632,1.3087771914439008,1.6637512973782198,0.0,1.1756287574800437,0.8377595061143612,1.7974671318110587,28.48460150033005,0.0,71.26571087923924,48.46704777110325,125.2441981763339,49.84025954922849,0.0,206.13544675214973,908.0331013222519,896.6285794636149,227.04137719645368,0.0,1095.6512797523787,2141.1672112060746,1283.1745178691326,100.25041560529246,0.0,1552.0735077278282,587.2722097571962,888.160957402331,1239.7874086918712,0.0,758.84847150312,281.0400828340324,7.94316501272369,19.546336377160273,0.0,10.986319399709174,7.805232907626275,5.764402905087783,2.4614732500514425,0.0,0.19199541403381098,0.10595850996656236,0.08877462586881173,0.0240782548753644,0.07925374454208561,0.0,0.12892949239822776
3.411764705882353,1.134906658335908,0.8135408899010579,0.8406031757063348,0.0,1.128253051532801,3.323011512807081,11.551826525700783,7.102003409103863,0.0,42.97975259560933,21.177449683471984,57.4855108579173,15.528269037520506,0.0,120.42434798607695,179.10615842298625,60.90733425869789,257.9965242480992,0.0,267.93927167974357,1634.91550940265,1871.382150191076,3851.656962999503,0.0,744.6883431862243,186.9187900450138,1551.2831246137484,1173.2276952096718,0.0,40.83767250829744,49.168870308075654,6.543451998574525,6.247384826830431,0.0,9.5576002371389,3.59046760692664,1.4843706522285904,0.695882456779026,0.0,0.2750732598574567,0.3517454117883524,0.15282180675870383,0.06861108366110816,0.029923332623996754,0.0,0.03985653390068727
3.426470588235294,0.5032363333366446,0.41190995658086627,0.3749135266566594,0.0,0.15716859742077788,0.6279531679240178,1.8322292957517092,2.735467526794901,0.0,16.519226489204264,8.974236283061309,135.44298703005313,372.55698171897666,0.0,370.24668696478807,352.62093250275916,836.6491590953485,1114.8759599426571,0.0,1083.9890637792514,1821.094244463257,1364.4224775005887,452.30371230512094,0.0,369.3747554381815,3480.559455159439,1418.5408100715863,218.89579309889044,0.0,72.89687114798741,18.12696660439923,8.933755099331886,10.211801852814638,0.0,1.860678504937872,1.1862296606155573,1.0343342671044082,0.5002064958800057,0.0,0.2767410162804608,0.17335379299423093,0.004249829168891183,0.02115535296962117,0.031209202046201086,0.0,0.011482981622479977
3.441176470588235,0.07264292865113775,0.16318925201330794,0.2972052946749667,0.0,0.35020130764567087,0.8383883541584445,2.430972610715942,3.1321865769774373,0.0,61.45448248422194,346.8486679786495,541.7817542663734,174.16207313822957,0.0,153.14189123868132,310.63469838227917,84.08101870501984,16.521252836906932,0.0,63.633374426719705,176.0736557170446,216.10076064442194,104.82747373458383,0.0,747.4162111572027,1119.0310662900697,437.88589137179633,1105.5427606032972,0.0,484.03542772025287,51.43918396455268,0.29104684624408717,1.0879277695229634,0.0,0.6914841798838087,0.48482791109228185,0.24773236284518513,0.04560686420572821,0.0,0.02008855272623326,0.023249421877762584,0.02916722884009801,0.023484937473284926,0.01227666492093556,0.0,0.0025461634857200047
3.455882352941176,0.537673575415601,0.8363903082203612,0.6134088582839397,0.0,0.3691423404116963,0.6124645989516126,3.226650266577443,51.81461650836657,0.0,97.03159431938371,105.40625818836628,128.74638511925647,77.46917912519228,0.0,493.39204076480735,1778.6182458860344,939.8750915984692,107.50397696067891,0.0,134.70741462187272,682.6038555010109,2541.589036026158,3558.348235303991,0.0,1376.8718762197545,820.8384068611915,340.04866291859577,162.40912558462225,0.0,164.27549965805835,190.34499375321718,3.936021465907186,1.4425283515306748,0.0,1.5023454828149725,0.7110569667559365,0.015090425817404456,0.026180316621244374,0.0,0.033867482385572675,0.03704817184899714,0.06474038768787123,0.1803914517727363,0.07901398739146448,0.0,0.03041639225162119
3.4705882352941173,0.46227244565081765,0.3464793037579056,0.21302580029532256,0.0,0.13077345018813458,0.2653580684634033,2.4278718816653937,36.3156450363533,0.0,69.35778080001614,17.546355961922945,414.37109530797926,586.5579885974817,0.0,242.07718471472452,23.077371373977122,267.03041316382667,444.38074245240443,0.0,766.0104732802971,1058.0859734014293,183.66116800749336,58.61636764475975,0.0,1036.2500930899569,1222.6173758450236,1195.062097761534,5186.50549282212,0.0,4745.726715522624,563.1687477044507,16.74099488673641,3.584503664159983,0.0,1.2360056554312835,0.49410310748126063,0.40791266918339203,0.2903932168598139,0.0,0.22464307171114703,0.16025305225288422,0.052256003009785355,0.09434621606284971,0.1574254654211853,0.0,0.0584818025067176
3.485294117647059,0.20670889139120202,0.0542481141242794,0.09325826414815078,0.0,0.07276382726567476,0.1883911412032666,3.902687164752389,5.841642556013459,0.0,6.97205331261537,217.2620495380115,103.1171168587874,461.28121689341333,0.0,370.06993002379545,69.45282291807656,1024.5015794268472,1504.5861769404132,0.0,1863.6515026449965,2499.486085392927,2226.8355323838273,2558.692149253975,0.0,678.6435652276227,1606.929817927974,2772.9174472862396,2730.826660222364,0.0,1047.8076941868935,43.33604497853011,6.444134155660661,6.265570731687835,0.0,0.4532660498936554,0.48441073971637716,0.7881749245344863,0.02674636189839372,0.0,0.1932732971324176,0.2807075434553179,0.19132822393180865,0.06917636263366397,0.005935982814064852,0.0,0.012592938592925623
3.5,0.1869032516783247,0.10782250095935181,0.05099536042816497,0.0,0.3439288363892673,1.0910663952277702,1.2736071999382026,0.5985425203025756,0.0,77.44163157501589,210.92827795911984,1153.2310051018826,1209.50956835334,0.0,1120.4679578108694,1134.9259881005419,2118.4538739257514,1164.9163083787735,0.0,786.2550544079859,3423.1288985664733,2847.8885941245703,2040.2045438152904,0.0,1111.5943947948304,1857.5327242748813,906.1490384450717,2559.200787460911,0.0,2180.265120831394,487.35698869969883,4.0134033431372345,5.089556763928153,0.0,2.044089080040007,0.4724627525623233,0.1223815651526084,0.13497559741601123,0.0,0.044917624354777655,0.030200241407702222,0.05355175061123871,0.0801689042576551,0.09893719987885649,0.0,0.12450950378756455
3.514705882352941,0.8002448952257877,0.36487684232899564,0.5978585626607144,0.0,0.391588969307551,0.5540563828416942,3.7755802580902453,17.64586356664058,0.0,293.6550496498069,968.673850218418,1763.426770382211,1194.690207710184,0.0,263.2703524795145,1060.669004279463,831.7902959689729,740.4720774980602,0.0,128.91746000033794,662.4256793386155,4342.844069926155,1247.8868604771278,0.0,193.90823159693088,1341.5923815190758,759.4388372122933,4566.055382260009,0.0,3552.789476269841,217.99868598315948,34.03967624069313,1.0919851496969541,0.0,0.6600292795327798,0.02677203715995609,0.24529805041897682,0.11184906613098802,0.0,0.026025023782823495,0.0354704020434879,0.0939617587755478,0.08899531500249865,0.06394893615172653,0.0,0.024652948188314087
3.5294117647058822,0.7286377890960312,0.06826660369012168,0.31530462970154566,0.0,0.12707187977730883,0.9691307499890023,2.5860514934819143,15.877188781575166,0.0,45.74257571148198,90.95739372543179,377.96571336616154,1413.4085536880175,0.0,1211.1049585380977,31.097554008393175,866.349168440935,2012.1120272049386,0.0,2255.050585627816,739.5261641619736,2577.782629635065,3864.4255360845655,0.0,135.71592482900022,2526.679920156633,2244.0313603901086,85.64050563566731,0.0,1977.6837238487883,511.2188189678734,53.34449318094232,3.2258479174809027,0.0,1.3260746005007373,0.5358397966374558,0.4783155041891793,0.03186723187758191,0.0,0.137215606252875,0.059847278743166,0.13141773816092933,0.036415396968410965,0.05266568591128766,0.0,0.07116293651080585
3.5441176470588234,0.5818584199624558,1.0994633126497566,0.6052306233780569,0.0,0.05337634597711666,0.09922895799981052,1.927900427563503,4.392039551092785,0.0,18.890468487973124,137.19931447386713,289.4628201100172,93.58330576716105,0.0,9.834134792513359,175.4351944650939,926.6896226358463,2205.894635613,0.0,488.58077326060555,182.1236614180861,1703.15215121302,915.8402251722289,0.0,1594.4913666788934,1851.4066882519849,1344.1964187044696,1112.4993958973037,0.0,4419.4076924904175,1465.4958655241553,5.281381231644875,1.5311088606978995,0.0,1.253773573385073,0.6810504842875712,0.6021860009032762,0.37490828539583104,0.0,0.41989170554999966,0.0110847157828327,0.19429474054763118,0.27206112568259144,0.10110687706016468,0.0,0.0697571705981038
3.5588235294117645,0.701157989476219,0.6950542499999726,0.9351477370805288,0.0,1.4892285933079479,1.8082589599040424,5.983471984458941,12.841149435792943,0.0,23.785150814986075,383.4903822548374,330.2322454541936,380.43596355774196,0.0,1284.2584489637188,902.4293938430151,46.12885907630515,856.1659698606785,0.0,869.7669602300998,2839.5561873481074,2058.685760997836,1989.0656406035148,0.0,1642.8385693805021,588.477397488937,751.9021881430292,4040.5788362813673,0.0,3645.4054601429407,276.84161887264133,36.77862339536519,10.572946929406541,0.0,8.321487760422281,1.9198808058402033,0.8220650897287588,0.4030175324698548,0.0,0.2089590688342106,0.08909687002940384,0.3638464780135433,0.16649253851944273,0.031202670475665155,0.0,0.01721759200252197
3.5735294117647056,0.4400100641033704,0.28438289067343814,0.4242494905230446,0.0,0.8783879503885134,2.667052280607297,3.969313420169577,2.665825170069315,0.0,19.92482805488806,24.442063625960294,145.65849439894828,629.6097256810896,0.0,1634.1130381399337,417.18733520911775,401.77063453462233,163.80664534638353,0.0,791.9087876831385,351.03650636547275,523.5353095133229,438.9530490876934,0.0,3153.5729150571615,18006.696006590835,11757.679041711974,5922.664838068002,0.0,646.1469893346202,91.23261406847317,28.726534738322787,23.242198024079983,0.0,0.4346886706180959,3.0154846053222215,1.1630989201678754,0.14961957250244046,0.0,0.022585810394926752,0.10669501553445776,0.06579512991826725,0.00981178203870652,0.07595232129647353,0.0,0.06991507025551066
3.5882352941176467,0.602074030581818,1.1884324454779498,1.080064021023473,0.0,0.6252082225207038,0.4249231158629772,2.3369396686724278,1.2940582931558269,0.0,24.57282503904009,15.584080053059123,112.47790695044566,206.77144119938544,0.0,325.4136825468004,2453.3782141492484,1448.4757576705656,468.4155292342154,0.0,226.9888382222412,2550.1478802480133,1847.7429312363051,2388.047593163908,0.0,10533.383623776848,505.88202648090316,5377.619233301574,1418.0360862223422,0.0,3316.3928722156966,203.59093641086042,25.968140220473444,3.796495308466656,0.0,1.763405937927402,1.1154949068359037,1.09610048328625,0.1819352031067339,0.0,0.15946094069852224,0.09374515664363439,0.09318739960959876,0.06278162124766729,0.08771770800993436,0.0,0.05637795224837837
3.602941176470588,0.4523260899725642,0.9033775442757566,0.6748338150883095,0.0,0.3380558628507108,0.9678030027535838,2.0717200565225133,5.652770562683596,0.0,20.67985108150738,119.54221262030211,265.82474575180845,353.3475385501825,0.0,451.73691602599604,156.51827978901952,1171.2654214585343,1312.011296328126,0.0,1372.4090057614321,766.5523432993293,1166.4333067368484,3648.871742835913,0.0,524.9925720034598,1008.7679974469778,2321.92738231198,8529.202294060462,0.0,1318.320150234873,45.460346645318786,20.963184543661335,1.6529464393542652,0.0,4.626080924014612,1.8721243992527374,0.41278482084944634,0.21791412174285635,0.0,0.6033588997616959,0.606354842261563,0.29870955734452054,0.07753037309695796,0.23591012412214044,0.0,0.2887663719143846
3.617647058823529,0.24945624344015577,0.33585969418720896,0.1464903930371378,0.0,0.30634281830423216,1.557476927997174,3.928217754301402,19.97895258252035,0.0,4.9886720335028105,60.46686510439297,76.13881395192399,19.08332929416689,0.0,397.55896658302595,313.80908534045506,370.57726563681376,798.7701750887566,0.0,867.5063299181705,79.31221559465888,215.7406623886993,1075.2212939497424,0.0,3969.544100887356,1006.304616917511,944.4690871617245,2555.501951554721,0.0,1378.821682539527,176.94457855233048,6.421279886940644,6.263608732923387,0.0,2.9841431957421785,0.4377970265304437,0.24440829571674721,0.3419104659326287,0.0,0.018796297672144854,0.4011327675505384,0.08443681949988247,0.020328363559830948,0.02952678472132877,0.0,0.09575357922041225
3.63235294117647,0.22383438139401485,0.03307932612296971,0.16604102178316402,0.0,0.27693480238795853,0.5869437430219426,1.3453088521458751,28.838832784808346,0.0,131.47090766659042,87.02108278028619,101.79146973482871,156.75852370272943,0.0,559.0865237880528,649.4442649345642,512.796749407841,314.38069371925314,0.0,223.3502365248765,1513.812064823911,546.7118517089809,234.45846044065027,0.0,108.1915937968493,286.9222980752734,414.961067457504,929.0251468632082,0.0,194.27490917483482,254.75025373020551,93.75424544158315,5.347098631546773,0.0,8.45656041581176,4.720989719909388,0.7215436019004025,0.12654894917437312,0.0,0.34403950707296804,0.07351693304895011,0.03391816201250359,0.012921744541284745,0.030192734088510243,0.0,0.019387096413379643
3.6470588235294112,0.3001421271219608,0.3908639808728787,0.6190443736265419,0.0,0.8367620496936481,0.6751087101192527,5.806933863560481,16.198223538742916,0.0,23.888850024098936,249.38119689290585,1079.9700075081294,1247.4507493153392,0.0,543.7995451575202,133.69260913778993,151.15587554903496,619.3262838893896,0.0,525.0510098551458,213.66136258800475,393.1143571592245,128.24470424421452,0.0,7.203083418499585,2022.4222756102645,2344.6034672478127,672.0431133856009,0.0,3455.9213684477027,708.5236569554986,46.39854587911323,5.324012625316551,0.0,0.6018520917170314,0.09957554668258324,0.398568515000025,0.30502058379793684,0.0,0.1553279931107546,0.052987501786484405,0.06340871290402894,0.09355315876686349,0.05000158744576671,0.0,0.026736091466253834
3.6617647058823524,1.059815516216917,0.3128031662456483,0.1510851675672584,0.0,0.23129935871219764,0.023370560512909474,2.418747057780967,59.00564328088243,0.0,63.09044646297805,84.35185948997454,286.1794592031532,419.09201207335946,0.0,882.9405740629281,396.7262269982506,107.15767478340814,66.32022580153411,0.0,485.3500924897531,300.3193421059158,204.10695141860654,92.23390137520369,0.0,376.7903005858491,409.65748561842963,1697.9084318838127,4804.130846908913,0.0,1481.7254281907958,250.83377675692654,56.48335894964946,0.4034547785677115,0.0,4.828899169751759,1.962117078768948,0.28026989842254624,0.3202988361611771,0.0,0.1145884589734165,0.10540635573629224,0.08983418864386424,0.16192019219017795,0.11942671032312091,0.0,0.05719620460534523
3.6764705882352944,1.5996036108511784,0.5634143258782702,0.3024792474132574,0.0,0.19971282231108936,0.1621770652973463,2.3340767850082575,31.21909349936154,0.0,142.9056507053175,46.10559531685562,23.363344500483805,76.87962553575508,0.0,228.3241979553917,75.29357859434282,618.2096258424045,418.8481706975848,0.0,357.35824053084525,346.9780161261464,74.8753070453915,329.8213584315713,0.0,1699.661828342313,5021.928677826442,2683.8135854769,3595.849836025796,0.0,2205.6462751739873,392.34545988215757,10.685355800510031,0.7066649281760009,0.0,1.14492535437304,0.20575423611418203,0.5173803060543005,0.2071622037337531,0.0,0.10845320886572515,0.012746259431898322,0.05574155856117009,0.13972376968308647,0.10297276017569659,0.0,0.05521179578954835
3.6911764705882355,0.12962423259794514,0.14348863305597975,0.11928647830043577,0.0,0.37529186699425304,0.6457096133598986,0.6678222041857786,11.660193273389716,0.0,33.48787423551296,8.499903656666252,100.26599117318797,25.17873910216982,0.0,37.277941823125204,268.34148300105494,233.58403403143774,148.47777875358213,0.0,341.5024842844082,272.0069816127642,1189.8167067643913,356.184736280773,0.0,1334.927087654207,599.0712083216421,57.383395738315045,2248.2813744486907,0.0,1249.9695286654605,1148.5882498599765,46.98889819215002,15.333264118594638,0.0,4.668243717423783,2.117771091993711,2.2276100334376268,0.759114851066188,0.0,0.3153675744888126,0.19377728405376132,0.11310387200454051,0.01895635844664343,0.008075854458427349,0.0,0.02095973634945595
3.7058823529411766,1.4756486528700619,0.8828045682859786,0.2748595711164372,0.0,0.4743284629669596,0.17009000290975398,1.8725157469031843,0.9302556822444332,0.0,51.541800662651326,220.9080560013463,73.66771973672607,25.307119846470407,0.0,50.14810676596479,7.254437909442002,14.356780429997725,5.152510590483205,0.0,77.30041882901412,515.9997517192119,756.762967257134,34.37898583899856,0.0,144.70541438767043,1224.9706195957244,2813.0808144611783,3361.6970325154534,0.0,1626.1308317508988,196.69108897706403,90.21957779355293,21.879852860740016,0.0,7.094164585327759,1.6172558932068417,0.7407109111715697,0.03651937208993949,0.0,0.11498983046129731,0.009824789710308854,0.09166018966800586,0.04862740540050714,0.04150610788506611,0.0,0.047041601519136514
3.7205882352941178,0.1670895563822366,0.3773457917165676,0.27269458094402477,0.0,0.380326170117002,0.37027859424283627,4.047048893942055,18.218452052295042,0.0,3.4706103556327332,28.482565696434122,20.608929960737647,166.6413341752038,0.0,619.4074504276356,246.47238530670404,74.40157818103054,28.770622777789455,0.0,312.6703113341182,649.1964654651937,543.6838641196928,1444.6791125484765,0.0,940.4654350173339,577.2095345866371,1103.7137281971338,404.35747145837706,0.0,184.14834009907446,415.17394207473137,11.19847295315947,1.8080871823163513,0.0,0.4382347832001936,0.4560018245945092,0.08883354293635023,0.05694995982226905,0.0,0.06774697729743089,0.00610320642110215,0.04104577461611856,0.14988754344134508,0.07514031524987949,0.0,0.006486823948562237
3.735294117647059,1.4777536150459651,1.5649445854405477,0.36435815913211483,0.0,0.17075107057228855,0.8934043790199975,0.6949453974128582,21.098941000019977,0.0,52.93964632145739,8.733225915853701,307.8777127666205,614.2474053774254,0.0,146.93845048105652,145.38042556040108,27.141057405778056,11.391619411095768,0.0,20.24156090160063,484.85482197955236,33.665311405615995,768.4489245148059,0.0,406.55431750054277,1156.1490867118246,1320.2004870975682,5435.33714404637,0.0,3407.96572077729,484.7706924417135,2.703425920103876,2.0876986083095823,0.0,1.66755714567853,0.4059523577793115,1.7398799598228747,0.835833584868004,0.0,0.19140093487608884,0.11173989582430917,0.10796458213513196,0.03078882497023385,0.03853118594318624,0.0,0.03241436733981844
3.75,1.5240796717401643,0.5344874143911246,0.5153051501085968,0.0,0.5413016656216021,1.920212475998791,1.8942386522027754,4.6050460712922785,0.0,20.854209410797463,80.00088202155362,263.24957645746144,317.02158974024235,0.0,1753.3762665200288,1029.4534989811937,254.2389309811043,52.5138448998061,0.0,37.99000181562674,118.2649603755422,272.2373833021627,1285.9819264944013,0.0,3103.887435680918,1894.1146691033186,2303.2164518683303,2086.7256284948926,0.0,459.9567175777184,92.8481868253172,9.432276857501504,1.7573428882891335,0.0,3.3552116597681434,1.321111098374205,0.10388450426867366,0.07626241000389786,0.0,0.0690182104320083,0.028818337665644015,0.05971553667926058,0.05617672135607682,0.005061512127421109,0.0,0.015113059277676543
3.764705882352941,0.7248155335381719,0.5361113908622797,0.18932998489999195,0.0,0.19224703935690676,0.3265116279812702,0.838624905365146,3.42073326069292,0.0,20.436370249350123,105.99322605350159,47.5944371224287,553.940096648787,0.0,72.17075361916477,869.425689864343,1478.680880590921,1342.0711567894832,0.0,152.04618282628374,204.49189840736534,1831.9080540073219,1411.491071802263,0.0,170.7715671358556,1397.8031070997763,295.11684874566606,943.2911438408426,0.0,534.9429055867001,0.6473766089110408,0.17922931929973243,4.5531993038091985,0.0,1.5662154341831953,0.1698813309067848,0.03917109865682374,0.07242497384638508,0.0,0.023341144343826524,0.01790051663353122,0.030072431088772174,0.01984997290855412,0.022662483486508386,0.0,0.01939706438037509
3.7794117647058822,0.13076521356734716,0.1943208825540672,0.2800571579893992,0.0,0.09286994475257003,0.12909230566404944,0.7250000189277949,4.398865673414235,0.0,17.926075933502503,47.92612322172274,38.78396803912692,167.20088024531955,0.0,360.52185387610245,39.33323998185332,276.7554268855446,423.9998104597947,0.0,1007.2975753898538,234.91599953064988,29.833982564863256,15.62404800250085,0.0,37.91622693189373,255.49836362187298,659.2315039496794,488.7192108601664,0.0,1038.7444882215982,150.8528757081982,4.6413854856907015,1.5301922080253445,0.0,0.3960259633800992,0.17853798468059648,0.07069356300675167,0.03522225751151311,0.0,0.06574741250721858,0.045144558560504505,0.02248885088929982,0.006562043384319586,0.006351433950322172,0.0,0.02188036170061662
3.7941176470588234,0.08869484187063302,0.3661302375939284,0.33563800661487464,0.0,0.14352692661538857,0.10201215713792117,0.3506947386319387,1.2611821495863265,0.0,8.197246122550133,40.70516983150827,92.8552972652852,241.45539136071525,0.0,194.356179494301,1228.566812073228,1920.8357468651907,569.0168810765012,0.0,168.49805146580218,852.1884438402626,834.8549756086329,308.92397923383965,0.0,211.35341236843976,809.2787633738428,3040.693367388759,4979.028299460233,0.0,905.9118412930486,47.103834779978456,4.119069083106066,1.8545844476465243,0.0,0.5101544371365657,0.09184402500539568,0.43762761896893504,0.24641197045466812,0.0,0.09407972820487655,0.13208358844104007,0.1454054653346454,0.1276310480095908,0.0940527173173943,0.0,0.05290844442105497
3.8088235294117645,0.07864342730110974,0.11580363660894685,0.10622397956151852,0.0,0.17939028003725843,0.1679994945670762,0.7660787973081945,0.45055096028636077,0.0,5.0703994772438055,5.135287957625809,117.23024106266331,138.38731009463908,0.0,222.92046885662864,24.07963203138758,932.3995592719778,2112.48372370658,0.0,463.2609799446793,802.7795354228338,2049.0056840632287,1491.3773285145962,0.0,3235.693979548174,2774.944901423933,2449.8420476682,1338.7293273655473,0.0,293.01125168198405,32.863459112857164,6.3691247969761875,3.6825586066107276,0.0,0.7216304875994523,0.9690113523950245,0.4434127450685944,0.016044801839193462,0.0,0.042163794810148245,0.04470750554290472,0.013852187113919018,0.034663027296903764,0.029401767866879366,0.0,0.019755291501893972
3.8235294117647056,0.46943405910024305,1.1985224570388155,0.464258573275077,0.0,0.27629273345361116,0.4662290417105107,3.194364077115591,6.6380121000806795,0.0,20.02050301933814,173.4192010649678,501.8433647748599,114.1858357178485,0.0,200.97659127709267,727.8608992530153,1808.2549127248521,1761.1730551395638,0.0,3382.2066488424907,1635.312280943312,306.38935024271166,2188.6488105608787,0.0,1855.6516428178184,1015.5975962022576,1279.7750202196805,838.8887792383712,0.0,382.0383679094707,72.91121404526686,4.286635730384241,0.40442552844051977,0.0,0.5713494686601917,0.5673471236779959,0.06399491828618435,0.1195139045764467,0.0,0.019835854860893613,0.02638456831886179,0.0756066057404517,0.07994703005741778,0.008274431371950827,0.0,0.006419303924850262
3.8382352941176467,0.5470332397584534,0.7778592736916732,0.28782099793100974,0.0,0.04882010735422218,0.09577762207538884,0.19166359117686577,11.797282616050062,0.0,117.8740266420352,111.86005120956732,83.68368312253625,215.21757191244242,0.0,116.03992040005119,69.52667619362451,194.0960855054509,45.17834613207075,0.0,663.4150071439478,3800.7598790603743,1560.9923907786451,627.6653093600922,0.0,2764.3718437172924,395.0371533069592,2019.8825584288577,5835.169765705168,0.0,2926.0120417565795,208.29099895617674,1.4544196239721798,4.776022620608704,0.0,3.836491768719616,0.456720162363638,0.07188185461718577,0.01542480679886922,0.0,0.06250945228582874,0.14175909830916433,0.01576086847502256,0.0405541063584519,0.019129420597388123,0.0,0.04425703733615757
3.852941176470588,0.21095607048438453,0.16838032129657704,0.04953825326026882,0.0,0.12360649461041437,0.25133898637653795,1.4223319366630278,10.57729763670383,0.0,0.6576493443758238,110.98033054574144,170.28882809874082,158.05021444628755,0.0,380.1262529767256,503.26427175819987,433.3742994632238,76.96211458206996,0.0,23.753119474213456,1177.2681550510638,2884.5965225600225,2252.266042686631,0.0,2202.985758222381,5175.431066862895,4032.0132087724255,3131.1137583341483,0.0,827.4271445469748,54.72536065956745,8.805538345204416,1.9405143952552284,0.0,0.7514180280887408,0.044375934279610216,0.1298469721424318,0.023337826968333725,0.0,0.12479479683496338,0.11578489636484503,0.027462114171264228,0.035298002142690375,0.06175287834061036,0.0,0.005849862299894044
3.86764705882353,0.27923999036712066,0.25874710345664254,0.1086121565761875,0.0,0.1775186824350546,0.5126672099612354,2.6291716038387505,5.54167010507868,0.0,13.538646817669646,33.73078538465097,283.9088189613061,719.3021078969272,0.0,809.437294271924,512.854000026789,303.81725349762473,1053.5431661237653,0.0,491.6541755384644,148.23321485774935,737.8378585495736,1253.2532419342388,0.0,684.9785849091103,700.8509830423027,354.6833596963233,1097.691826522369,0.0,1712.3530814186884,644.0492711779907,29.92256441713455,2.085948595297478,0.0,2.46449056423676,0.6622668026095874,0.18348311024428654,0.06521628119701633,0.0,0.06794080527548069,0.032918214115356996,0.012710563707756126,0.016404329627349497,0.013488827808392933,0.0,0.09978411685356597
3.882352941176471,1.2451331106369674,1.227533274349443,1.3032768834242319,0.0,1.1004508575095913,1.5523335538089977,3.37774336407621,15.015499950251474,0.0,67.85045509373978,101.8992836494428,12.339490506578247,145.0209416714009,0.0,345.934290773802,1145.0239543002388,1316.665011544009,510.2407323340523,0.0,1155.048748540004,889.3573758940366,316.3315204554418,302.9262373779045,0.0,267.5384810942151,2901.519973339403,13270.99086305102,27671.549029873626,0.0,18261.945573063458,3250.0559081217334,39.849501883372014,17.362117675082708,0.0,7.229900594238668,3.6903468718768533,1.6424984427908633,0.36377462431827146,0.0,0.25790723934103055,0.14324511855618272,0.14869556515651747,0.11849066979872573,0.07213451614611276,0.0,0.07214611322760398
3.897058823529412,0.35386677710831993,0.2268639786429713,0.5065965743476571,0.0,0.5967054275317495,0.4500191910146613,0.771942081040637,1.0205002061455755,0.0,3.1299019123913476,82.26020130500886,15.397127234736907,183.6208212616139,0.0,401.8700487690473,91.11096435640441,1162.3350780222486,1887.242507159417,0.0,1011.7357901516177,4121.191725221773,3922.243853033304,2922.1018608716613,0.0,1585.5081110404476,661.0776072134727,3157.3706042618996,2018.2177740152315,0.0,160.08686857461407,232.33630654936243,111.54635753550855,7.239345922942471,0.0,2.954140894138919,2.3295412208016613,0.39973464123754376,0.6682439012368011,0.0,0.34319592246902186,0.06300973173687419,0.12388416441766498,0.04049322443564801,0.06724429873562104,0.0,0.013059540217257408
3.9117647058823533,2.118137593062858,1.899317340763484,0.5563290999021169,0.0,0.7798738768694122,1.0855690578906232,3.269629968691744,29.136834279200627,0.0,95.90003299774884,66.86292132626477,13.750665038297043,8.667953253708571,0.0,233.37309486323426,118.73237859773056,391.6636790154714,770.574015885054,0.0,98.4357217475963,35.760986147614766,1013.1823000645904,4563.497064009225,0.0,943.8625285208877,1204.6108886039406,664.470766894992,1494.6015331612002,0.0,615.3002040829656,66.9797753206553,26.38770221397836,8.80802679900744,0.0,0.7438091947196636,1.03599614824703,0.6258027571788787,0.8326083141381846,0.0,0.2240475999159498,0.040089856176856786,0.025243111664371747,0.07084984928584118,0.018211151652015395,0.0,0.02037480702720784
3.9264705882352944,0.18643178453503584,0.3240827275789125,0.3741702037733946,0.0,1.4061830576610133,3.321403806196365,3.077415186407846,14.925509143598648,0.0,42.507119377515906,140.18096939966125,367.3107319799674,494.56309914729883,0.0,253.35541736925597,418.3575604264435,615.3960681292205,2969.281702513924,0.0,2869.048964810238,530.3178505672311,70.74862615581699,72.9819599044494,0.0,3353.71641822094,10628.82996272442,10103.704648355873,4310.2426882201125,0.0,1313.9715839627474,59.132252841440135,7.0758879626153055,5.06806269615258,0.0,3.3396999043190343,5.745253633587761,2.532824258818181,1.9396644017070654,0.0,0.754701837073231,0.28123553477187424,0.07635083923582758,0.10733214426088011,0.03396145689082508,0.0,0.09471215631084148
3.9411764705882355,1.2896022558352151,0.9986626634277556,0.22907581267501476,0.0,4.306096591663856,5.475284723906116,8.815027873343727,28.661273320452224,0.0,93.54512266585174,152.30968272733259,42.99872551732817,8.386152920732687,0.0,442.81589908351964,523.9389198401047,678.6050903897958,448.26405997297337,0.0,4622.153564428545,7124.57833210983,2152.4106720721747,2543.486611844014,0.0,2348.4930560181274,98.81624029096209,3290.6762090261154,4156.053342340603,0.0,765.851827759966,195.15284300079094,19.32968234706904,42.375798336166284,0.0,17.00483203117502,1.5305178407897178,0.9191751748246122,2.8194933507738673,0.0,1.0348789675178303,0.1512021263904378,0.06468743284087305,0.3901859807637592,0.6384938354076555,0.0,0.24630439507470453
3.9558823529411766,0.4466726527951615,0.6853322667110402,1.9208857957980103,0.0,1.541862745297071,0.6091734468051713,9.306758005810615,40.13700174926268,0.0,29.14854106558814,10.3443564562834,599.1482280195,1136.595787344855,0.0,198.3102908385825,431.2870647501853,378.060715810317,341.20546374506614,0.0,974.6740849832242,927.5094144791647,6462.429803444192,4406.404288965101,0.0,1944.4918197811976,7029.564971908449,13619.087306770645,8708.704242900865,0.0,4100.236567345836,430.353459842965,8.205386536042095,8.034327191866534,0.0,5.179712194533288,0.9584535254555497,1.8629855617004099,0.3665219121447352,0.0,0.109937350274352,0.20009673923270166,0.20272466196231853,0.12751459761643705,0.08478146366731568,0.0,0.06031664279827787
3.9705882352941178,0.2746516514931197,0.7392677793801807,0.4024319951645703,0.0,0.7556715731074545,0.5690954794228462,0.35103468464959753,5.241457300942654,0.0,0.4540176249485314,58.9227997997627,14.293142443553851,1316.319171946534,0.0,1906.3242723560074,1239.8297451198414,1368.071792383273,647.0908183909933,0.0,3248.4961591800384,3162.553900884105,152.63704397477886,209.77840768447646,0.0,1393.0791528180584,2657.966930805742,2197.2422536761715,314.10441378953067,0.0,93.49427450756554,174.1056091200905,5.7003439010827455,0.36609237171635056,0.0,1.6799103881545996,0.36533792964312806,0.3080295187588812,0.3818259451983038,0.0,0.2152634127330884,0.09821611734914883,0.16911347991965187,0.09123673741318,0.08115108115602182,0.0,0.06213402932726146
3.985294117647059,0.24789525533518658,0.5045596809713345,0.8648212456134539,0.0,0.2895854991786926,0.6506512865726434,1.5222793948846887,1.5580456396463456,0.0,15.144843481005251,1.7076673499329882,60.066384924690155,9.437321716077964,0.0,1137.9121302233684,2825.526821608974,1262.541985883105,101.22990515048131,0.0,407.38964220498264,1533.1854155413619,1778.8197998258338,1824.6322619511843,0.0,9412.037272403344,5974.76415642627,5052.345468459327,5667.1813890702,0.0,3084.587616501907,541.9652942292889,33.235431752121045,6.060516614111337,0.0,1.4591591748858916,0.19143696791694595,0.7545461919826184,0.5453709356901277,0.0,0.425910397166175,1.2800137770998876,2.0421281021477053,1.5347891430056422,0.7191274481632605,0.0,0.6221488963103721
4.0,0.5118356069789739,0.0763464789227361,0.15243833939492848,0.0,0.29768917147459506,0.06915511967354655,0.5085375401135189,19.539150356952312,0.0,34.41768183126638,3.048513887629765,2.2664147453509758,68.45855872327976,0.0,139.2329298260127,10.64811070903478,854.7071374052389,340.1587553738268,0.0,676.6359836825416,1274.4475349263648,3024.6307641543517,1362.1338467495611,0.0,3159.324335158112,10947.395443074123,9166.054880798656,8547.976168708423,0.0,6835.424266936727,2401.0237210968903,54.70849196819071,42.486892477053956,0.0,4.451651405717994,0.9895049603280384,0.5584987220382757,0.880196457739564,0.0,0.671789975700511,0.3301655467360136,0.20899719973463737,0.361805969983765,0.25362554459571396,0.0,0.1456274659784506
4.014705882352941,0.30665785543467416,0.5885500495553241,0.3495546710356069,0.0,0.2149587246682876,0.6869352863475323,1.7456354596841575,22.28469997683206,0.0,67.62255699319041,20.38186495674136,67.17990216585571,68.48595683290154,0.0,9.716840221747528,507.8609814821872,2866.3312089944093,4179.944859956549,0.0,1876.835763042332,847.5541431530166,48.54535061358045,2961.3590197330504,0.0,2150.1082402000084,4269.153619518293,3441.717178638719,992.6177384411393,0.0,3086.0783452873784,1601.1931764523695,69.82796907534603,0.2122960422827201,0.0,1.1087355551408689,1.4491079966924758,0.25491979401764087,0.027797418104555813,0.0,0.05288243919834653,0.06593094375971065,0.07625415228718903,0.13285027369831554,0.04144359512085588,0.0,0.006238644401162054
4.029411764705882,0.33987530056885684,0.34756844755690663,0.39907880148679986,0.0,1.009926919495562,2.2424453686727763,0.8448957223871996,6.449463389010465,0.0,7.737276263759747,20.237631686416464,93.11370668842898,142.67349217037685,0.0,27.546873434239618,66.9698180957278,156.25150922156652,448.5923514257442,0.0,1285.0964375128765,667.9308188684789,476.99228031296275,278.8022039086891,0.0,516.5888921283664,476.2911373895153,3393.028447039472,4293.094853704561,0.0,2844.140258638856,386.0230161163939,16.184467193989,0.6346893063180783,0.0,3.396349183706477,3.9372323578760353,0.6681336793841948,0.3495582211453705,0.0,0.3013900018591583,0.22519484867812684,0.23454707216618187,0.0855523567304668,0.05683134041161439,0.0,0.045337649022203365
4.044117647058823,0.5775180551831223,0.2767002548781186,0.11667999627557744,0.0,0.36019655697309,0.1998053320077044,1.4704090228125275,5.115358486323629,0.0,13.929389560748543,7.28990988107814,33.226876537756006,92.11988453111384,0.0,44.89741825279615,336.45766560905713,851.96096635556,784.0843696285564,0.0,226.86284873975708,799.1114470406746,627.3920713902739,1412.9457872914936,0.0,3741.6563389311395,5603.458278431802,2590.9701486386057,5306.9498898967595,0.0,4714.635646291126,393.84941547906794,20.7468022068984,0.28838679614570767,0.0,1.8365871761241133,0.30913414785338256,0.16750713654195346,0.14073454654197856,0.0,0.10306361204609912,0.13282522360274038,0.02636300808668574,0.0385015098648161,0.007988189321984031,0.0,0.07881170856169724
4.0588235294117645,0.12364819731641724,0.14928071486223085,0.3261914006398145,0.0,0.5145944674548848,0.9024074755622438,0.33376347694789177,17.7050005795875,0.0,123.30410911060478,86.57553876139221,10.075655200110997,34.48397844521448,0.0,173.73566166150215,177.89196767257994,181.9437804106476,31.66250991872792,0.0,5.808019621370836,376.81410037371177,330.06239661479367,885.5134984900401,0.0,669.9265946756517,1322.6940795384796,2596.035103170386,2933.394880840382,0.0,1427.7465049682373,224.50229694287606,26.518374513702604,2.6880234091716995,0.0,2.9176528495443472,0.6107410023520269,0.6152962491615893,0.18373362794677825,0.0,0.1213969380909111,0.05750018979467142,0.03233901353703993,0.015835419815176586,0.00878401477187196,0.0,0.04353301613247845
4.0735294117647065,1.1535996253957501,1.0454093777356213,0.1570862425122238,0.0,0.09616293474428453,1.5234287781073752,2.2958222561106325,29.926166639640012,0.0,54.66390611261298,152.31662728491594,79.20803102697394,274.09944242875235,0.0,747.020580785691,1136.0197620748045,876.7043589366581,478.4868549985885,0.0,155.48430574803527,282.89990401668024,213.05342879217892,503.60582247971087,0.0,284.4902080230099,4410.047193414747,4348.82182022236,1526.661008616028,0.0,207.96610374887092,88.75996144169989,7.435473648383784,3.561712037984419,0.0,7.394581429888539,3.9171841954220357,0.5321288342468593,0.21089868602880515,0.0,0.18103048543153338,0.287660011645856,0.19252803028136178,0.20007351591637637,0.0870841752904748,0.0,0.02384707334068236
4.088235294117647,0.27732281740453524,0.1491633945566561,0.49005863588268705,0.0,0.4622997252336548,0.22297049045573059,2.7975124307353285,59.05475768887824,0.0,373.3006615248469,426.720936117845,448.82312210876444,1308.8610939258922,0.0,833.5109111473517,430.7500735698277,248.79963308207226,1122.4751047097357,0.0,1697.3635714622674,2105.2760357178895,5088.561203946736,9407.41741252206,0.0,5897.2791445805005,1482.3122295202752,255.57331315663544,1705.816574466889,0.0,1155.0066787998703,38.231052083220284,9.138380665013868,0.9491168087628077,0.0,0.4195547116752767,1.0509108108898946,0.8048778159721732,0.6846740751911375,0.0,0.2103151698995537,0.05630140618867088,0.1581661765882753,0.025667796298373062,0.043078972498406386,0.0,0.0437470666899729
4.102941176470589,0.1319572875835638,0.21544774889524088,0.3870712095625345,0.0,0.2732194856792471,1.7154210988050953,1.1419844154168681,4.307525921807939,0.0,97.41757964851008,109.74741365322865,44.22657708728126,132.03796928057383,0.0,2192.8905425729017,2770.9343881094364,1610.8195596023947,357.08678315137763,0.0,1636.1892751589407,3073.905127979536,874.7181392348465,612.3229711137678,0.0,2158.7864335909853,1462.3389543740354,4943.7505922408845,7845.569633366022,0.0,2535.6091084268564,70.96151394214937,19.576709303378987,15.11279249543755,0.0,1.997206101245749,0.37889726556357994,0.4994031827822415,0.6364652050331285,0.0,0.12661372979597624,0.1307971172671346,0.0460747003975507,0.028486770162171656,0.07207205692125604,0.0,0.018596905894616635
4.117647058823529,0.14602843091745618,0.19106445206590636,0.15701398054144167,0.0,0.12326130404673792,0.7066945896889567,2.8667020966682406,11.348609010535064,0.0,13.257054544754164,2.744897995339838,75.02934007274614,526.7333868743386,0.0,97.53076721390781,1464.723804360663,1369.7507285929041,3763.508970558016,0.0,1992.5345874816276,126.5579862912164,723.4855053589698,2982.241494711303,0.0,4873.499319324601,4497.889552520477,1676.589948397961,2042.2888403943148,0.0,5360.376095985907,1174.0170575364295,8.072862748641967,5.237290084406265,0.0,0.102800526959043,1.0292432495831496,0.09246462601010665,0.3647877963590235,0.0,0.32920217509969396,0.24291267212203552,0.04537000290404361,0.1799763082167849,0.06807979299210157,0.0,0.05275267138032133
4.132352941176471,0.38430583794949486,0.5043320528153724,0.6858033830589193,0.0,0.8326564345247296,1.322621939133199,0.8383624735928421,4.3809625038446285,0.0,16.22028238781963,11.469761620728068,228.55134414055362,202.26323713589755,0.0,1404.9968872001725,2063.114063754977,4022.475212281248,667.8297698715326,0.0,2815.438435176761,11116.050543719335,5064.8207807127665,932.0976303085275,0.0,2334.109228082136,5364.0355720296875,8584.669905526283,3778.6810169583296,0.0,1175.2937442065868,407.9013059333489,5.112746449495518,5.403262411317767,0.0,2.458931857694404,7.4148143429371824,6.73710607121885,0.8185322861477533,0.0,0.05704055490234328,0.012245270686333309,0.16422169511115542,0.18516371739817167,0.24552693323034458,0.0,0.11461531972973932
4.147058823529411,0.6359964228544039,0.4246871510014458,0.40805447246727766,0.0,0.6558758132801414,0.5226821794940988,1.8031383046898997,7.106936336927326,0.0,37.189189285904604,142.51993913508272,616.7057605909636,2715.2525727201382,0.0,4729.427007859718,3393.5288172155074,2832.5533062868253,5241.094245422581,0.0,221.25743577636473,219.29091815150827,5668.011989331915,7003.566112575165,0.0,3256.1743885357064,2007.8373814487995,531.7636523912906,2019.994236712514,0.0,1981.4069134553347,370.1936265342165,0.5826655835269794,8.157158722513614,0.0,2.660133354682185,0.7508656191721677,1.7869971641065217,1.361304457331567,0.0,0.4132108023812278,0.3457097320698559,0.2898294942315817,0.08950044009091457,0.11103119775241793,0.0,0.07363856390517255
4.161764705882353,0.54923670702919,1.3033962530372307,3.816637776175867,0.0,5.784901741028925,5.621660650956574,5.442977889839353,1.0640687943959557,0.0,18.72836079455713,51.304536196247795,313.9654318348172,444.6114637407553,0.0,356.6766798443434,1700.1750464060651,1529.083931807671,2780.8896136943004,0.0,4795.128751121203,208.82242063178177,888.5588462904458,991.0061818492338,0.0,2382.639440270431,3999.028885564649,7155.219852962806,4730.9179526228745,0.0,1471.2950746149563,30.210913428540294,8.189445433934708,1.1970128734285796,0.0,1.3482833441405702,0.6070035469826945,0.19410047269961153,0.096968263253485,0.0,0.09476532196757803,0.04110361743876357,0.05021172708652399,0.044783085683654966,0.15632536759005214,0.0,0.23074029267988988
4.1764705882352935,0.33378097728798184,0.3298678821567196,1.0102868492458597,0.0,1.18746190719299,2.5544119356759185,0.7102222657212364,25.43122843586094,0.0,16.46794683162587,40.1616852415722,146.78839538516797,288.2359500082763,0.0,347.4522658308826,698.498980518464,1652.8743771882368,2470.9017532867856,0.0,8846.12318502719,2511.929051636721,3162.0304719048754,3607.165920845563,0.0,308.2801799990856,2210.622526190632,136.885939957139,1035.0287874056646,0.0,1015.6748475311408,220.28202370584074,66.77914177928126,0.5196424764175219,0.0,3.797244040208372,2.140004117948621,0.7152528706189011,0.2245024882859346,0.0,0.12219087852855999,0.10756846860928766,0.05117449017999243,0.02495316985618324,0.03908778718336984,0.0,0.01789523613662667
4.1911764705882355,0.7770381313649889,1.3320099842767619,2.129721309031062,0.0,1.793430868812056,0.44690266822702635,0.8208512979791642,8.597169810931451,0.0,50.489493141308344,119.64877213928486,349.55651889028104,417.07941845895755,0.0,24.617543896919127,725.0022746192985,3547.230673717767,2981.841826164603,0.0,3390.1645890194736,11015.243460569158,4545.98033893117,10607.527995770322,0.0,9320.615461454332,1910.6185457161398,11882.999594900668,10463.191367171254,0.0,944.1193364985972,713.0109463234986,107.61144878907203,2.5850947024024156,0.0,1.690843820533118,0.8872387252677536,0.1858777302514251,0.03696741651242666,0.0,0.16980129834789257,0.12354967148981395,0.023830726093504888,0.02468918277785489,0.32842873361111324,0.0,0.3315829156959053
4.205882352941176,1.3825434731820319,1.3899713289692968,2.031735416388157,0.0,2.022907476728752,1.9740086480515342,1.2078458026932062,1.0940237110778384,0.0,2.553404443953375,25.173437820722665,127.55595808079778,578.9624115091351,0.0,543.196703895258,345.5367833395943,260.2093540653952,493.95148173736084,0.0,2973.0561475305567,3645.3681903326406,1096.4308537203747,6662.88594842163,0.0,7339.374453971162,1245.492137453869,4304.030871966799,10818.373147319327,0.0,11420.11487730319,5125.419158435459,562.1984913621584,47.09187196871182,0.0,21.828403215840147,5.423603540426759,0.8962862915191236,0.22563699069364182,0.0,0.034836896285197615,0.11725651795281258,0.35877374623124514,0.1444416446317231,0.04969280232496149,0.0,0.10241362908500239
4.220588235294118,0.5939977218976811,3.558809586220412,4.22085047067729,0.0,1.484828906747667,1.2578629498358933,0.5152333706249246,3.996308131386117,0.0,7.5976331624272255,0.7947343079683223,54.632906001869415,409.84946185505703,0.0,305.2470293365857,601.1313247623137,753.1760471251221,207.17736049414268,0.0,526.5942688977007,626.3985686736141,4662.247464201051,2439.1867588581044,0.0,4104.869153895018,19584.942208678414,17293.666800390085,12233.209041779883,0.0,10072.470806555259,3729.085792906775,54.801753460676146,16.726514535012086,0.0,7.125291771668423,4.595145462085505,2.331614557325331,0.9159794815154034,0.0,0.36824762435413333,0.06999574515496321,0.13197489069526244,0.05650939749936139,0.023058181715878867,0.0,0.027554875143903902
4.235294117647058,0.41055917365947864,0.7886251396224052,2.1507789495245584,0.0,2.25713701098442,1.1550543067715817,1.1932850232683916,9.324662485089005,0.0,15.961234767789145,78.36754657910389,393.5788333999174,665.9925944429879,0.0,1280.4647709811206,740.8055798330536,727.7019885994184,1159.70589482087,0.0,1759.1378626099297,239.965222819248,2517.0400838168134,8379.687608039192,0.0,3324.840368033848,311.95312472033334,19.389129816685763,887.6458620343076,0.0,6348.142927264759,6567.143404444758,746.6930513632171,80.24020180142426,0.0,11.033413126512649,3.621372611822669,2.2149880259513015,1.674199182446228,0.0,0.9823476744346288,0.18644698555702593,0.04279569121460369,0.11162274566175949,0.03800259363990918,0.0,0.019010872865748183
4.25,0.9326003768383743,0.3758640627817693,0.3657629014939567,0.0,0.5450049282708829,0.11901597393858677,0.84054980555848,20.149405504068294,0.0,48.10462555854453,75.84159677952044,136.94299072083282,164.01522219351443,0.0,94.06511334698939,323.8934572251975,74.04961380899306,130.20486749890074,0.0,671.1452045466503,1020.8469027447804,440.71704421644927,55.602757178226234,0.0,1059.6659119089022,1842.1439616400662,9362.83253789382,15930.091025233896,0.0,9339.638873505983,1206.144723130482,37.940593121362895,0.5250508002301149,0.0,0.29568464174249054,0.9504194391323633,1.1686755046901092,0.050038703341207795,0.0,0.11719008415268277,0.03692395596124146,0.019207309282035144,0.007642670120611874,0.043885070646472804,0.0,0.004957675978103374
4.264705882352941,1.2441117661728223,0.907502248980668,0.5189643590687384,0.0,0.14711092664207776,0.13742171489197474,1.5774149609296675,24.848360735552404,0.0,24.5818955405037,46.45748738844968,163.77292899598734,451.5568085442353,0.0,199.6459725371734,54.11054763179181,730.6828793735062,1347.949161025515,0.0,337.85180602683386,471.9896778861432,1965.9739003565194,2359.796950611904,0.0,947.0021704261599,5146.568786944316,8595.074481778145,572.0406150619772,0.0,4305.651526764725,520.1583813758801,12.787160410139546,1.6827644991534954,0.0,0.692533209274676,0.1964331351681692,0.24622754602515867,0.16080805001012072,0.0,0.18359573329118642,0.1040171727595886,0.025808263673046585,0.010013076703201937,0.03433302247803987,0.0,0.031211243286520363
4.279411764705882,0.7118929136615616,0.8964985093270939,0.2977571631778856,0.0,0.10021375814840966,0.27155895829442833,6.697724585403469,78.83949734847607,0.0,85.10133845956071,34.125914372846275,1.0558901365383546,420.6164734925214,0.0,1093.0733423482957,859.465461364931,305.2774707838144,180.53996954620885,0.0,603.8385797759008,1179.5575529701741,690.4556813786759,1270.4402290473768,0.0,658.0034016738334,134.76972350465337,974.2605669905774,3829.8405242120734,0.0,2622.620508343037,517.8685036912631,7.641396160186844,0.21288956052993252,0.0,0.665745426785697,0.16753559877043867,0.09082848658587647,0.31031006534528494,0.0,0.16553744405553242,0.07891952576023997,0.13922386247087445,0.19552150662897358,0.11554435107626354,0.0,0.022698893296034337
4.294117647058823,1.1568907332357552,0.8547246169608049,0.5854199378702496,0.0,0.2222075139518662,1.3413654821739769,5.18033858426905,92.49857362780953,0.0,447.02304716698427,303.06222728030735,118.75639408879942,4.152871803831864,0.0,295.80178401962706,447.3585069035428,209.53603389902167,109.96983238142994,0.0,27.926715724003913,650.608731799274,614.6375568051099,197.26720884399379,0.0,1076.5407406879317,1010.3394964371132,1226.7860297909926,2222.104429717796,0.0,753.0661234234403,95.49820609180064,7.4025560991486845,0.9081550409804537,0.0,0.9782013851682095,0.5007636152465701,0.08433670825764654,0.03896373571581137,0.0,0.022075291899986672,0.018790830471195914,0.003538030407937071,0.023534841536804876,0.015077734300462133,0.0,0.01657527107483525
4.3088235294117645,0.7077842836309469,1.0090204445032742,1.581536579146157,0.0,1.301112933791289,0.9008046438278411,10.715737493057294,51.755346253608536,0.0,80.44617050175273,267.9891543964677,121.64421829849567,64.14046128210606,0.0,896.6047297444218,635.2584216111312,65.9572946561646,676.8513390472024,0.0,823.7514293841972,494.4648293178386,1062.1819346633729,1042.3889632538703,0.0,1134.651589423525,597.4913694855434,381.63720443996925,1344.8009221460509,0.0,965.9913465589424,60.284390109725635,0.5799250966902464,2.756427973543448,0.0,0.26639526830599436,1.6937779765914536,1.1537261852293508,0.28855457531917794,0.0,0.11573290819031143,0.0963548175883145,0.08196548955643067,0.02876493730299773,0.03849396547833757,0.0,0.05159899363672463
4.323529411764706,0.7484147157810169,0.2195808532563352,0.23513836336491292,0.0,0.7541749767213154,0.5062342265534945,1.6902173834456786,6.185576029765791,0.0,1.9115375060174138,86.73672220243796,35.26859072483117,38.34774131389268,0.0,101.24866686065371,175.75037251045842,83.82419810896485,901.8009751369623,0.0,1439.3297758646413,1434.2484737158645,1364.3456306840476,1606.456979788128,0.0,1049.1207021316063,215.65268408158622,327.68296589020537,92.78140565894728,0.0,256.60601334797707,123.24073422992633,0.03339340828607839,2.421572740243749,0.0,1.050832358010536,2.406022705393669,0.3752504308681254,0.15819230504234455,0.0,0.06614627670591057,0.017632893375733778,0.0035776037479733186,0.04574270421388962,0.07591699926258982,0.0,0.06019606564693869
4.338235294117647,0.24134738252609156,0.14178679355667292,0.25769081285740003,0.0,0.3233397773739007,1.4161525830373485,7.6624707186976995,16.419596492973113,0.0,17.34890678842625,185.87989342755674,311.38172538033416,230.43681484839067,0.0,214.7012893903235,590.4886354124191,1591.2495808696715,947.6716637334223,0.0,813.8587973569036,3900.979009888558,2570.751235329168,505.93471523181057,0.0,37.09323424161888,712.755783726665,2075.878086351813,2263.839341938573,0.0,382.395273285385,15.466647793271875,11.2672129732449,2.064553318615919,0.0,0.6560178069218885,1.8111549044719468,1.0559971694477872,0.32433441354718234,0.0,0.04203193868635644,0.026848409804630095,0.022617353270574368,0.03730515804416404,0.015070025118604308,0.0,0.029466538416398222
4.352941176470588,0.32630208300192565,0.272660602856673,0.15242297514432684,0.0,0.16977757783245923,0.49926413753095056,1.6483672808603882,5.092473706238836,0.0,6.237440047408244,86.90591520707414,105.98323737962309,363.453280109747,0.0,721.8412709428154,226.29593987156017,1419.3722187889716,1072.72074402631,0.0,164.80247020376203,831.8687225754857,152.1293546600254,1016.2718004329738,0.0,1579.2176381232805,5385.276402267262,7137.251447679049,2806.567333793527,0.0,274.8925856120667,30.078653869958192,5.036724622645536,2.6675112866550093,0.0,0.7199524607156137,0.9412696020975361,0.4629509523079976,0.19439971646141505,0.0,0.03933221340021335,0.03171999852871437,0.05891520640765656,0.005965702596309541,0.016489270756425124,0.0,0.019554380638101672
4.367647058823529,0.9578625432044078,0.45780531322298884,0.3765885493649519,0.0,0.4787465469491341,1.1664014497295923,7.715312299251799,6.1618743226387185,0.0,16.66964676935982,78.38814621099796,45.76306778613349,125.29056964045196,0.0,1561.9333220724932,5609.678239360552,5486.739020393582,3537.1713494318724,0.0,1963.2823554071877,613.1466661115924,1640.78400936874,7510.605193727542,0.0,4529.170661159651,1365.831797780529,2742.506334989719,1655.0392194276073,0.0,231.04293727703998,54.49142122658651,1.5319642065931647,0.42418085169496533,0.0,0.4972628755532603,2.0917188402887694,2.3343794288056117,0.3456195913757668,0.0,0.35344417633142594,0.5933062659295225,0.14917605000210143,0.19161508605482597,0.25572463920434807,0.0,0.10997850303394902
4.38235294117647,0.3314180281043853,0.10272740676316626,0.30365432344581017,0.0,0.6545665150803323,0.11702002151420285,0.26393578953617025,13.334011253214776,0.0,65.06750197098685,175.6436064169988,98.74676239994113,111.11848688073059,0.0,58.1608876504974,317.2154785014077,554.8474562706554,3404.032352249875,0.0,1520.238437460183,850.3853284351226,2389.3225311728684,206.4541960121935,0.0,3431.663902476562,3376.176524168955,5478.741114415816,8200.20237424189,0.0,3684.8181654493296,591.8489633079867,17.89066312972617,2.88088279833791,0.0,2.745196643945113,0.07486237746968993,1.2083968578255253,0.9108102059724676,0.0,0.0427301032492221,0.13236376223750537,0.058835664276730856,0.2010075370970712,0.08697226749110676,0.0,0.010046457289806951
4.397058823529411,0.22022295600054978,0.27681505607337237,0.6204698985197677,0.0,0.8937532322022057,0.4173327827659369,2.660080650668227,29.201628634376583,0.0,30.745708982002313,33.41398047614988,6.618745478168304,128.4516027003984,0.0,389.98759475565726,321.4932611972771,243.53040331381305,859.5198614879998,0.0,6728.699530532043,12754.927711957554,5651.627215718087,1466.7204084131756,0.0,581.586655241654,7948.16666979299,12154.03443766151,1221.714915757741,0.0,1494.2502800390785,71.14129201768787,63.02930508081915,0.15183416734251895,0.0,1.1586160958832508,0.4127163830731866,0.32063164969060304,0.2720783250433086,0.0,0.11883648285059001,0.07304700084214148,0.03854497240539853,0.0680765745836642,0.05513154213396713,0.0,0.12890180333026977
4.411764705882352,0.496787754373875,0.4652005322034309,0.5215485609031919,0.0,0.9840689615161002,2.9991257736926134,1.8718046058689088,3.175679104331939,0.0,10.11832991673437,2.565541943777749,39.326585932510895,125.2955484745496,0.0,62.862296796429426,302.4262103714585,2089.5522750420832,3703.394227594329,0.0,2858.433986662291,402.5532195651695,6694.475000824453,6368.337971575924,0.0,4334.738602045854,5052.984472624341,934.3275462100398,1000.7159798306011,0.0,7671.595787517983,4308.311219045307,402.65601992748157,16.145160241589878,0.0,0.5418988494512043,0.09175358753169899,0.33866263128817253,1.0403411983820965,0.0,1.3632997971257184,0.8761653141823305,0.19467940899504377,0.034256382554228366,0.00511043858985917,0.0,0.024543791850192495
4.426470588235294,1.1476171421392314,2.3046139273679476,0.8260451132795168,0.0,2.333163213838322,0.5741180230000775,2.0209163880644505,3.4738596495763434,0.0,42.78664166090893,184.82830719339796,259.9218709502021,94.2058936557255,0.0,13.563177783065044,2.96519976812608,212.31651519280635,128.79326545051762,0.0,946.5707420840324,7391.213499773527,6076.8991737238575,4750.995530653921,0.0,4111.106866895203,1570.8430426731388,13584.632092514054,15909.037723437199,0.0,1687.0628359624857,523.6595883447169,107.48677058767232,0.8192914239300418,0.0,2.19320746719961,3.5418357440419275,3.1769550304668175,1.3250982020489548,0.0,1.2664074062302286,0.47284911329977325,0.14208723744522528,0.44322762797683557,0.7996184717174193,0.0,0.14937244011277995
4.4411764705882355,1.2887691691565066,0.6156538107418816,0.3924563862733612,0.0,1.2318994293711092,2.95555663592925,4.567571308341957,13.446320979780872,0.0,46.536981164479926,82.36043493394072,23.780599702860066,124.98783574869097,0.0,47.36129537967392,270.2518150335443,399.99973734943455,499.85611780709974,0.0,533.8365081280779,767.5374060618763,462.3346546498019,2184.4419560507604,0.0,118.29082392257061,7650.259044643013,6676.524963559874,3523.1084603887502,0.0,4181.495203202648,189.64026107083004,213.8736327651587,55.59356079457668,0.0,3.3675976337600684,1.0262176488440495,2.018854405100181,0.20072408218423127,0.0,0.28693314404760595,0.13403913443073256,0.07921272744733403,0.133351744772811,0.01959213721841823,0.0,0.07896613672072536
4.455882352941177,0.3021786615664677,0.4713145202475799,0.5517025772800187,0.0,0.8539634030614291,2.452693185438015,0.3805777717369153,4.965221024440792,0.0,66.28178173851052,193.5508858735244,594.3143725279128,467.9293813093466,0.0,69.88178870813726,168.49315435100397,526.8925273815039,1671.0643562415871,0.0,3614.681209608263,1931.7469552831826,457.11907179411315,1297.2146909690355,0.0,315.4801011774146,1287.0961023011005,1524.628186384457,796.8387525548517,0.0,4970.760342682464,3523.203693447135,168.49482365602648,9.080238435553564,0.0,1.1879245039559416,6.857169381827152,3.582402953964476,0.023912981073487213,0.0,0.2042601676116982,0.03333911260509022,0.010132276733780435,0.20227122807805584,0.18036414821248126,0.0,0.02729857748441583
4.470588235294118,0.25880380039915074,0.1784993335089636,0.27301181617679676,0.0,0.321090406283278,1.0985524864706444,2.056891864201008,15.355348970293115,0.0,43.24930146474779,42.965426759917065,44.20589341653738,715.0472226342605,0.0,490.5757422794066,594.1419162482364,906.5657009135509,476.94639848262227,0.0,1437.4548073568876,3656.126746514573,538.1282812828601,3520.575030382268,0.0,2562.8675054579153,3576.24200373912,7100.433100433274,9717.920399265851,0.0,4938.448570724027,300.5299409168946,68.09597265427513,11.613865649145914,0.0,3.590820828971383,0.17295823965654333,0.1623754169724363,0.3983493782919354,0.0,0.08216346395764514,0.012572008716289532,0.03213061466336831,0.09504357061566834,0.05306816605856267,0.0,0.05288876465176055
4.485294117647059,0.9385802848356648,0.4880930067849041,0.7806771583408205,0.0,0.5454228488112691,0.3101822509876215,1.86222761536879,0.10548200905222664,0.0,85.1504049971428,288.9486169297627,94.37034775412184,662.0761217039699,0.0,437.6075068930188,289.65451532493296,818.1542166270319,359.4607956837194,0.0,523.0922950948129,7700.85444131096,13335.139630766498,9353.817705661371,0.0,13813.951648309458,8775.523937939615,5319.438226201787,1001.3712220279467,0.0,233.85019369646398,582.2066293916986,141.9299754345114,2.6039580682425982,0.0,8.507807958721116,1.172852456371675,0.23331616473034283,0.26568500565268016,0.0,0.3371827711352069,0.473167944248306,0.19324520973410775,0.11918730494058524,0.026635130352617133,0.0,0.02689853989041479
4.5,0.944685950996599,0.2995688545371253,0.9594340209772143,0.0,0.7142266450433461,0.6408079361763437,1.1367287001963713,19.560066362178333,0.0,74.68680409543794,111.74467678907168,253.6102313340698,1699.6084366120035,0.0,1360.4174035434114,66.32874348257889,893.6857636602357,1492.2691088075194,0.0,1013.7215041036948,457.62669432918267,2604.513569287811,8429.258728148689,0.0,542.7150200457927,2309.7331857156346,2620.87027666585,13174.692749377908,0.0,7307.121442666521,1073.038604854704,28.143804832420035,15.939243457342474,0.0,4.100276766292726,1.6680133931358778,1.5638442837679771,0.8089238380568646,0.0,0.18598895433615753,0.17147864992444997,0.12580191340972632,0.140004701409691,0.08792880377580739,0.0,0.09002397849415555
4.514705882352941,0.30214164577586816,0.3340321659558037,0.4263650204547687,0.0,0.4537483634054683,0.4460733832105296,2.428729636746489,10.804866542897198,0.0,7.94130739971096,199.25759861971744,310.65084901175453,671.378870057734,0.0,984.958406758581,1473.7163013211912,227.61890405847953,813.3118894317563,0.0,1161.9741427510444,734.888675670187,1026.6914870603168,2525.537810278496,0.0,2621.50424287666,6629.952534476155,5853.511606272796,688.9847390802861,0.0,420.60612239564773,57.56946337331002,0.16194198112464567,3.6664106749262126,0.0,1.1813479540925145,0.12402761079214415,0.03739863796035624,0.018302496923980283,0.0,0.016380974452904446,0.0689674582402874,0.033389811994309695,0.008362020166857307,0.014252078175754286,0.0,0.034082834959890805
4.529411764705882,0.2000784301752972,0.19093616122725543,0.3790350397914233,0.0,0.8553981320923236,0.892509110875503,10.410577450339682,25.65851670341626,0.0,68.45192218698014,109.76300007004843,12.08940868474431,33.700218318019495,0.0,104.81176661754114,110.38223129481541,395.29522318236457,139.32687507547203,0.0,85.66506097991135,2.806328863238445,76.04097872426937,698.2913993710588,0.0,1439.8554777722322,1280.6364788392048,4371.748437613138,2135.967413646931,0.0,147.03954025522773,211.59675864968455,27.32539755918849,0.5614389761534039,0.0,0.3390942883868981,0.1134452995341302,0.045997986978408456,0.08144410340846038,0.0,0.045687617702896505,0.19824129093955248,0.03995273974851722,0.022424872024454354,0.047405658732608734,0.0,0.049947011241662745
4.544117647058823,0.29116556563118007,0.2680358186824525,0.26065875049919673,0.0,0.18967481777097112,0.7703546955618592,3.0718609743276586,21.226043189498697,0.0,29.8740531306118,63.57605195477143,41.09734566959254,519.5668347217807,0.0,1815.3190761499866,1371.455957777828,1071.7286264340978,504.7150399694656,0.0,363.79523299807977,410.5621043909848,532.128529144707,278.03371712506475,0.0,679.2377973091661,528.8076902167713,631.0403235686056,1812.5124739523853,0.0,992.0230212780674,145.09079948019723,22.158335381588138,1.0026418631737317,0.0,0.9147398227734674,0.7303039938638132,0.2754272109904977,0.15457628579243998,0.0,0.18206465945948005,0.03452188171881147,0.15714390394292488,0.05124864399538985,0.12955632894617924,0.0,0.03108305376829965
4.5588235294117645,0.19438596322037166,0.2610346906811195,0.1777342733494072,0.0,0.1634773549896013,1.2962396564481766,5.226644860841021,13.161174299858171,0.0,1.1927878796064655,135.80889539078277,439.7430266867712,505.29261222684045,0.0,833.1908737030675,1696.0375967008529,2005.1971458603698,470.5863013158802,0.0,774.3886374712672,1553.1785965876106,448.95595242250397,531.0135787743716,0.0,1218.7201338092382,1170.5599637352816,2024.6822808098366,2014.302238280099,0.0,900.982415119106,94.56437387631976,0.6443254483934848,2.930386677635309,0.0,0.5106449749020316,0.6563850474989443,0.5384422974141654,0.30868168772239335,0.0,0.20269216413280344,0.13797664324308348,0.04151820401831885,0.02049891084444832,0.013023223316241813,0.0,0.1022214556214737
4.573529411764706,0.1076933419294292,0.3650038910041142,0.5144480118353035,0.0,0.7018960837343076,0.7078933066988808,0.4502972584511306,2.5992990612440283,0.0,24.875323757769856,401.70605799716776,182.16772158330386,150.26429685546321,0.0,74.47835162126341,623.231330151639,2355.574603429918,602.7919699714276,0.0,894.9815497567329,161.06778140570043,159.05989206687667,71.56353850955989,0.0,717.2443184108209,725.072408123514,6.107326001727871,193.78095044997562,0.0,353.9795850115552,8.510626287775452,5.143655264234615,0.9167361845745593,0.0,2.099412714979353,0.76449431284626,0.854063040357528,0.2593253037250933,0.0,0.3412906678796822,0.101867552967072,0.1286258392913431,0.0518279066926534,0.06579031771776658,0.0,0.04488741133201206
4.588235294117647,0.45775228042143906,0.41830409414868786,0.24685503276660575,0.0,0.30112043419396206,0.6765411713093701,7.376913338254688,6.076810777647804,0.0,3.988950666202415,384.64171883714783,2668.253032805512,2833.190950512825,0.0,1451.2134372596063,337.6534009646865,377.6092658980591,4198.7644859970405,0.0,4280.905327617787,834.2878492573409,310.02115338753794,2102.355642015124,0.0,2739.1540251788815,5231.384391603012,9985.190202931459,7712.066441408164,0.0,2725.522665704999,354.1908982314669,6.395544178737563,0.5875560258293778,0.0,2.2309797648189233,1.20461071642436,0.47209294551613623,0.2405460404931931,0.0,0.6931649075982129,0.26352557088176654,0.22557456866251488,0.09882817056916951,0.04214403337419153,0.0,0.03179124571149225
4.602941176470588,0.4336572520656056,0.5375885168511771,0.3767308835893152,0.0,0.24479211358353106,1.5148131514795682,1.4793154958615977,4.346718181400772,0.0,4.426533300048675,306.2675049820729,1550.9130777879927,476.9404657240026,0.0,50.04511547523991,1276.1244906372115,2683.055520022604,292.0800373953872,0.0,3976.041108444393,6679.179476518462,2261.071263014219,622.054768373396,0.0,2150.6534878673638,973.818804015151,1283.630861613427,3728.4526825374196,0.0,3298.887344388463,842.7335754427808,0.34447345581102173,0.24080426746269443,0.0,1.5716654196186348,1.1488608329380687,0.07285534831737832,0.4030493549769691,0.0,0.26511287151415025,0.08006409714529067,0.010291138655076977,0.025042900434038146,0.012298561176308313,0.0,0.02373351990403966
4.61764705882353,0.5312227344623646,0.5808910356623698,0.5329418782939956,0.0,0.13572715115470743,2.10449292628438,7.234183847863683,1.6777701004358443,0.0,24.143757029986574,147.63070121795778,187.55350315628363,477.93893655483066,0.0,389.32202311731044,1004.4870804074275,237.04721776941366,1791.6880608556917,0.0,1123.4128536658372,13084.119599008824,23997.70110122952,3192.2223907860966,0.0,9408.703246219411,9431.341751336091,2064.579094409664,5427.637280796138,0.0,5301.908287268463,93.57737946203233,96.92977501980019,11.484316186746582,0.0,0.8810381073813955,0.22154937889700094,0.6401318237067877,1.986003171154671,0.0,0.46288559315839073,0.08917949780465158,0.11014081479038389,0.14994352382927498,0.02195251152526064,0.0,0.2723592095400405
4.632352941176471,0.7674806531236072,0.41224723853282047,0.4539550531089589,0.0,0.5304735143472873,0.7179266863553683,1.288644867273494,12.23524199226414,0.0,12.537707102011625,244.69928773386368,2577.4812389273743,11983.464428216244,0.0,17170.704716611264,4517.4060553813615,454.76225568603434,1699.9158893954284,0.0,2655.769396841548,259.1854225422693,5002.096140099202,2437.2265397498813,0.0,6458.199188777968,11238.385860905564,10188.696700157987,10431.661124142958,0.0,1489.7439689033179,37.55124693566701,22.381162334548534,0.8476843552173101,0.0,7.86800053360645,9.634550957755387,6.4877642537041496,2.6406909244281582,0.0,0.8245332183204772,0.1370825240005118,0.10984150670038303,0.5069736294999729,1.1579240364457857,0.0,0.5284457390396293
4.647058823529412,0.2774007130893724,0.4901455168191683,0.9432799155797337,0.0,0.9523917699582435,1.3730739263488694,5.598583953488445,2.414057480040196,0.0,63.94296826954412,146.11610608070083,88.11066851185154,2317.1922564794604,0.0,3697.7601507845393,853.9630224802049,902.0166938841156,703.3650364348744,0.0,856.3569748037488,1565.8125027138317,2102.4459875990237,10709.480827746285,0.0,4155.631776744986,3550.494963138447,970.3663076218656,5638.149231747728,0.0,1340.7760048043183,267.19745571544945,16.37396298371372,10.943840164537665,0.0,0.31283305040459547,1.720030319403537,0.8798608094037146,1.0022765830176064,0.0,2.3929782331660414,1.3075265203153115,0.08403925770741706,0.07842672344937267,0.3206243024059152,0.0,0.4865627243167844
4.661764705882353,0.706497664488782,0.9804009306340449,0.30332988067314315,0.0,0.67147593065217,0.5117143910484404,5.541879009418036,84.46804414691434,0.0,211.94620416076305,49.501147219486484,147.28504286555085,188.10239970346126,0.0,475.07994881847753,686.6025631554558,1946.7088109662604,1201.5824376607884,0.0,1216.3541809707217,5115.899747955587,3934.004626292504,1744.5371652992553,0.0,14470.300247232095,23345.726221862307,19280.252678029567,27054.07992920452,0.0,12228.523904911872,1642.440011044383,98.21440256491499,2.8346451986322245,0.0,3.67072674869886,6.6559629875265465,1.0472434636381778,0.36657765209444,0.0,0.7277227330654112,0.4507948043829899,0.11065444211127884,0.0309506101271879,0.09189475663863957,0.0,0.13621380821314916
4.676470588235294,1.0728035916802177,0.5480071031093355,0.8727034372883118,0.0,0.20537281541511412,2.0189863055897903,5.761178409321347,49.84278782657462,0.0,249.7050871351018,192.6920091325759,26.571056111076114,99.5376734542229,0.0,277.4672216064963,806.0369371114439,6625.169981259231,3530.2591617800504,0.0,845.513237552477,1906.0177207723145,2626.623716333639,609.8667571145054,0.0,3420.1158815287918,1664.950227739605,2376.762289504177,820.07357910785,0.0,2242.7775135022043,1275.880238922298,7.187946623578981,26.115516258765396,0.0,35.2878135311104,3.2917600515965417,1.886041740918052,0.49205986920894385,0.0,0.07890622005431691,0.3594687256031178,0.3673846658137009,0.29924728152222535,0.21833580192024962,0.0,0.08437810220343063
4.6911764705882355,0.4296230089506114,1.3282938081118596,0.18931803603019573,0.0,0.24225781096156254,2.713130233950656,7.970620573693843,18.911465258236944,0.0,53.29047262041719,90.37760877805098,377.4101921113758,913.7574691770878,0.0,1801.5236951658846,3258.9623855891978,3635.908791534789,10413.272818439931,0.0,22944.934757487426,18553.428074836673,3107.827335448176,4777.851414530891,0.0,1123.839218712591,4144.934257904516,6974.553634653264,4266.805839183913,0.0,16310.711337635716,6103.546615340432,589.445273224072,77.25193842764781,0.0,9.798316569135805,0.3542338862171217,0.06421964490016381,0.06736271233559424,0.0,0.337161826445911,0.2512939145568722,0.09502441389314607,0.3444770597869762,0.3345334407289348,0.0,0.1460089596873122
4.705882352941177,0.8027643352528222,0.39712679395382056,0.8508863265439159,0.0,2.475784484255699,3.975751990082208,0.7526217900851139,5.1017733520386646,0.0,31.32172457802529,84.6826487617339,277.73775837429133,550.7629518819951,0.0,355.83944658053053,226.75672036294412,203.119848140042,387.33277809660046,0.0,229.96209178005063,83.72799444824244,2038.4057456087573,1037.717585240422,0.0,4623.425480124921,9977.478165643206,21142.78134226885,17761.103942185007,0.0,3066.7785428213792,106.16001471247014,7.756254240276805,6.803423415167437,0.0,5.889750592983974,0.8606674483418233,0.2022063626523773,1.281823800839244,0.0,0.8997968593013594,0.2089898278308705,0.07230265445375142,0.12925901329109662,0.13088436816171917,0.0,0.19421853009473733
4.720588235294118,0.5718969123865003,0.6139644126502397,0.4543887512297207,0.0,1.0795281057298927,1.0185146071493614,3.1869097043729098,17.774581038895555,0.0,0.867803802933419,40.38606978295928,5.417684182515788,98.23714537845291,0.0,556.418565432059,1653.5681510024199,539.30985758696,32.44220742778566,0.0,1687.821289017957,5140.719116884015,2473.27448400255,6130.104558176489,0.0,4973.497234013751,3498.674257377088,1106.8700836202224,1590.4521485140494,0.0,2111.7157870296382,1515.9349296088512,34.860445958978985,7.245279673370346,0.0,4.240848486281651,8.88646940129102,1.4295120191025696,1.691946549095083,0.0,1.4063496907525352,1.6873930942660673,1.0706446140823926,0.5200533917249637,0.16966518963739452,0.0,0.037149216965936815
4.735294117647059,0.7460365127806005,0.9748194041706615,0.8341469444428629,0.0,1.085216938351015,1.4128604798286208,9.054406062691546,65.26761748770585,0.0,71.91262725536035,20.96690233503997,328.2406917237952,1927.6881266664045,0.0,1337.3728456074632,397.8000432696038,2267.460799376823,2518.297262924849,0.0,2391.318824016182,2400.7050966243696,1218.0049103497213,2270.0672081992675,0.0,298.528905764802,5842.234839182543,12659.301559331398,7768.912555655139,0.0,932.3208776466337,2735.4745615558404,211.72926821901328,2.680608239498351,0.0,0.8270748306242851,6.2995854775396545,1.320357296341021,0.2178049382549187,0.0,0.3009119458110053,0.1557290779176543,0.03996351789989585,0.008180146434624,0.033227484722327796,0.0,0.017045299185918406
4.75,0.7307354526034442,0.35370905607292014,0.12058089706359076,0.0,0.9957894078296865,1.217517957762227,2.936327593644009,37.450516567030945,0.0,2.9950591645814226,471.7830041485886,2036.7212647197257,861.0210410502327,0.0,1524.7133815659217,1804.7422883200338,5200.5581593178895,4689.50792589278,0.0,1628.5954690187623,1660.5977025848317,2557.29314987437,3467.2893498968697,0.0,5890.199812480698,7332.779359707343,4605.355226563887,2854.010255532646,0.0,2974.528363310179,340.25426376380295,18.471007748835206,4.686352055077503,0.0,1.3683164027321848,2.2942133596362213,0.35075533727107033,0.2989716650029712,0.0,0.009587673753873541,0.03269590345710776,0.03279839720570976,0.0778807807113299,0.08901613162089121,0.0,0.035937173292052434
4.764705882352941,0.21396904277099152,0.36346482941208014,1.402125543086207,0.0,1.210846543730511,0.5250394517170238,9.410307580320424,12.06068861380934,0.0,150.92562608229912,818.4336671694389,94.59429998977683,691.2058575554547,0.0,764.4753526536381,1710.5072178849737,489.6685880710743,630.3536122469654,0.0,1366.5381452499837,3520.831264634281,6014.920922337818,3426.21980446619,0.0,441.0120696160851,752.0172418837003,6717.909304593332,8498.881014562536,0.0,2130.241844581661,70.18285916183856,1.2346235457006685,1.050567837127707,0.0,0.4326447244887898,0.440214341850139,0.8050696990246844,1.0091363671789328,0.0,0.05606971226169545,0.007212176933947658,0.02259739669197343,0.049756049907718994,0.01854214073729578,0.0,0.020969537108319856
4.779411764705882,1.590947540705612,0.7066993406501303,0.6410947962355729,0.0,1.7766752299501345,2.258521195291335,1.8960851046448444,82.7416872104877,0.0,204.3246466842495,424.79452317017126,1470.8189291722983,24.953412281786797,0.0,2764.4733640748773,2424.564205843139,2487.660535127613,3712.6173705356427,0.0,2102.984174106907,1040.4537994810862,159.7082220511705,1930.837817685041,0.0,1889.1797481827484,703.2344323673593,646.5721317118181,1296.7171407833134,0.0,1731.741879233303,644.8248464281019,157.44287524177568,2.9420186546666827,0.0,8.090741202710463,4.9347921761323175,0.9340961039763214,0.7455735454074293,0.0,1.4620169466746273,0.6988947086451467,0.1274425906628243,0.07346288637015178,0.019189800527063348,0.0,0.01944523460867055
4.794117647058823,1.7985201036536949,0.672983172062957,0.23960488634485513,0.0,0.9821778001828063,2.313703642048238,9.07780530980223,86.35562304727509,0.0,57.16185895956666,116.21265480437208,389.02979058432555,1909.402651491551,0.0,1251.8494825064477,1430.0717255998397,722.9581422215393,1106.2582544829097,0.0,3045.719327996854,3427.5907184731814,2507.3344914924064,305.56490954028584,0.0,946.5689117588454,2223.4592484139803,2915.198851419104,8546.95064932092,0.0,9306.782993461442,2599.30827763777,132.34950161545362,5.5917348411638255,0.0,2.0399994828818104,5.599618136573152,1.6201068164527102,0.32395652045779577,0.0,0.11706214867772927,0.011773834238570532,0.2457380787422383,0.3460938885668552,0.09079119225206475,0.0,0.06949809607015353
4.8088235294117645,0.4654959989721922,0.5841827377061644,0.46670190165511105,0.0,1.695486269523063,0.5529347414611572,28.119582879024215,68.89894762541337,0.0,18.77741446727952,144.73064191091026,666.8250759305272,1186.7719959658998,0.0,2676.525315479834,4101.571283293468,1735.7768355706498,1120.7703591183326,0.0,1442.430273669505,222.60544231546012,2370.8635620337927,1709.7160234273347,0.0,1079.7599845868244,1887.2207157533685,6367.544176739407,5244.627348300359,0.0,913.3597828535169,176.68471701009105,120.0255363003555,2.095942474865747,0.0,0.24635435954519241,1.1036446454563857,3.736470339222265,3.0911741649995177,0.0,0.44814512759591696,0.03805291341231181,0.2625665440446768,0.14892323776467487,0.004915640931288156,0.0,0.03105950250598968
4.8235294117647065,0.4551216597222448,0.5136979269742828,0.9267781819415416,0.0,0.97902555232064,0.42949079329126194,3.250972283472353,10.694139016866297,0.0,248.85074861075947,477.299782297546,165.49294948928627,8.532744266729102,0.0,668.5774276239417,1050.3076012125948,3137.2518849842522,2554.62536954771,0.0,1354.9701768716125,129.02483452784952,7843.15658017107,8822.057728375057,0.0,8265.25060235581,10173.202344361707,8080.988621665681,5582.708374035739,0.0,8560.838559638434,1687.293988868823,11.023669408287672,3.156360733310236,0.0,13.834654745304846,5.195007383707175,1.045853547696916,0.6046031533230121,0.0,0.5079384376241267,0.019985902770464352,0.1837446082511346,0.35800789433795144,0.0824567689310066,0.0,0.10902343330653672
4.838235294117647,1.316459764758675,1.1668208396741984,0.817826247502058,0.0,0.5358038162406157,0.5126107663424168,6.013968037503775,157.89933451789605,0.0,92.8047393463093,121.46379526987133,884.481098822117,1276.7395025526266,0.0,113.73074539040215,866.0456121124735,256.31434691560423,1245.860241210227,0.0,4046.358309501579,7442.978172947589,4286.092913198697,18981.536441684886,0.0,18084.381571826892,948.0640170385328,5219.533334128317,3519.4510243209475,0.0,7594.968428992568,3244.479081854277,48.138824174775564,10.633406762168715,0.0,0.7606090504429058,3.986672379675526,0.732617064408813,0.1841515382744337,0.0,0.17517036921966989,0.3417623939014043,0.12634062187679435,0.01852730994692056,0.15265457814419647,0.0,0.778680986669511
4.852941176470589,0.3947094472691134,0.27476887039587683,0.986816264236374,0.0,2.241576749287059,1.9398344250087027,3.488311820705073,16.80854844306539,0.0,164.19891279176096,887.5867217777333,1687.4283958456372,1795.6053569517248,0.0,1608.452797470151,1717.1732007707433,400.5952849915377,1275.8290871189793,0.0,1629.1735064733498,1821.569400953063,5675.398003540882,1340.7903020450076,0.0,4554.366334835288,3886.0161777529256,1044.1032937095908,3906.7356866348264,0.0,6393.457140865097,387.7811801545639,38.74496534721207,15.77382897861498,0.0,14.841004905164015,0.9666391861358667,0.5947917518379813,0.3199799270688696,0.0,0.3367759713142745,0.21437872682408712,0.25665671960602326,0.1963381197834694,0.17160977229983346,0.0,0.10395381010926791
4.867647058823529,1.038307644036092,0.4251049622074258,0.34391875486311524,0.0,1.2575533103758287,1.996330425813659,7.809885455567919,74.27292173209136,0.0,227.09891980209676,699.5708157683748,738.4305108193989,193.64142182609297,0.0,105.50873920982606,376.73910641149354,2726.49355257148,2633.832722054867,0.0,1205.6883258906478,1852.3936759790702,638.9670391648174,571.0309428629319,0.0,2478.2695436834665,5490.248859414578,3673.779718367873,2994.4612865151776,0.0,7026.486868152713,2722.4508962112113,112.84777250693341,7.0258814915481205,0.0,0.5246734001212321,0.2801092516256702,0.7444672897076119,0.08173000731970181,0.0,0.0991420319866086,0.10492775013246813,0.01889703474826425,0.009981163984960285,0.027717711492492636,0.0,0.060871942550098875
4.882352941176471,1.646381243650004,0.3185989596752649,0.919024630488249,0.0,1.2982773173196933,1.4703520238256835,1.2314022812016447,9.335209601446888,0.0,6.649638051663511,27.685883770910543,93.17519761648434,80.8331400430905,0.0,213.15951452997342,661.782041979732,1480.928201356901,911.4439809276289,0.0,1860.0922562035141,542.8682592396373,412.938088359385,152.60740599706497,0.0,1018.7527703405535,3928.9509749672343,7451.425938813423,8876.364291924656,0.0,2250.9159131491488,925.4699561991536,71.09661814473716,5.973894209802133,0.0,0.4902738759709378,1.0149802068251814,2.0371919218678287,0.5637153406470172,0.0,0.3979606860664603,0.37701505437907923,0.40886145599921475,0.14099030534341,0.02604927310460809,0.0,0.025333462276775708
4.897058823529411,0.6224775308900773,0.7513557262982007,0.11533857928510745,0.0,0.7683590102965179,3.632632676939514,0.02205750207582457,16.729234916693777,0.0,14.154277756371616,119.414682090095,420.05659481258306,782.7733120362057,0.0,1084.3647177170678,754.8652079703329,1380.0661471360033,6010.234243603961,0.0,10448.642509361001,11771.902993033153,14549.693283073922,4129.016182592886,0.0,806.2125890430434,1175.5661414243257,2041.5639610357398,2733.099450204688,0.0,1461.156656288277,1991.0277930207076,108.36796511767086,5.900964696362905,0.0,3.0123372653812988,0.7934921973757757,0.24254713970987962,0.3481038180612469,0.0,0.2238462145884546,0.28481947836204335,0.8250820498947968,0.6302409101429256,0.1316122848085363,0.0,0.0761658298149934
4.911764705882353,0.34312351818194053,0.9468432885423979,0.9898401490640473,0.0,0.154141261824108,3.0259399188021248,0.5527591703689292,10.98660568805483,0.0,78.34309940552728,384.85921022905075,536.8602679101466,499.4402673406659,0.0,701.1567502914115,1500.1472992030788,81.20346522301224,591.5541491504005,0.0,498.8796443976519,218.16740734857748,2352.563164358277,707.5415339027895,0.0,11543.525190722079,5021.285609418235,4208.778286797202,16462.635189334578,0.0,10920.338706042305,1828.6575672891865,21.176206280559565,12.676522909597303,0.0,0.4180841062785634,0.9316920011694532,0.856930682034037,0.3681160264312805,0.0,0.20945412477742598,0.11320849603515035,0.5184339259610257,0.6054742138307004,0.08380055549890958,0.0,0.028735948201569404
4.9264705882352935,0.5421877872909191,0.5202918520975668,0.7091698358596271,0.0,0.3440476959039024,0.4999429750077249,3.116920256041398,15.63471197459717,0.0,403.56331877308605,525.7789021640874,134.8829808477156,428.6543936220707,0.0,1217.9597058179781,1003.2201793963021,1928.6423077727816,409.3271090730756,0.0,1094.528146899787,2116.9692241616513,500.51916861634675,4685.239722927003,0.0,1225.2595133149575,5650.397554344904,6404.055558320355,1546.9788519228282,0.0,392.50462155563275,49.158171433549654,29.092993974790545,48.912266510013595,0.0,3.6336489938595014,0.6486426059340215,0.3556880045325906,0.7074190105970811,0.0,0.610622815813198,0.06252903111599312,0.06081721531345192,0.03183143721818038,0.06571628090318175,0.0,0.10748512932901913
4.9411764705882355,0.20295916315120793,0.6515342353711938,0.3911491059190203,0.0,0.30584379329016603,2.1860895275245467,10.117968692835387,186.64926317124824,0.0,230.55132592406375,349.0057469723873,728.9082238245705,432.8623632942938,0.0,626.1658935912542,1038.9802066118689,32.5942981397216,530.1151708396759,0.0,2481.205796233942,557.4310574162625,911.8754672759079,1830.4785329036536,0.0,6262.915093071959,2974.6848011017373,1241.640108888241,2343.421715530852,0.0,1459.8320728675449,364.5692962880595,72.60070410821095,9.287385879115655,0.0,0.4688778089393062,0.7936092929328376,0.9346724517556362,0.5996808519587274,0.0,0.12376275399605371,0.12675481071557368,0.41243190345656827,0.13541017146542633,0.041650921801937524,0.0,0.027163073443409284
4.955882352941176,1.929833909857162,1.6390517183671882,0.7619762750025714,0.0,0.4094166415123842,1.5029933376439235,35.772160873437585,113.20665993305926,0.0,167.35357666598924,64.69690170099821,215.80241197645427,554.9036722031196,0.0,158.32978994871542,848.2541426144306,2311.69286888672,1221.3766609543495,0.0,1247.0085577329,1721.7439628160614,1116.7086953642179,194.90075582051082,0.0,926.5450867161728,1755.7145980402709,5266.558922842887,1015.5574696496861,0.0,2613.4861752896286,1399.7014554517773,11.168181574352799,1.371987755858901,0.0,7.613258312899994,3.4193451828243138,0.6302692635421778,0.07561511865605394,0.0,0.06134260576578228,0.05392090042745337,0.04380507260922876,0.13510882854261494,0.12210870156204497,0.0,0.05701515801031916
4.970588235294118,1.671224895003609,0.6394937907337797,0.30410885452763026,0.0,0.0885580932355867,1.0628146787991308,17.37789583541858,44.506140107751634,0.0,38.67057209949823,45.80815479379315,68.38481248533381,221.53052939477283,0.0,195.5994085087753,608.4866566075685,1711.802461659479,5081.583458123365,0.0,6370.4074690836405,2544.1754735709987,446.36810400514685,60.071069820938305,0.0,540.9381943515049,1505.969534903219,6853.417607391113,14294.013015839024,0.0,4834.64344392649,149.6046347470771,13.622854573267539,3.474856251377197,0.0,3.643493880476351,3.8631337784162625,2.2523395318621775,1.0874994635554924,0.0,0.2702610725979257,0.12697728109226764,0.10676179411420264,0.11608503638441803,0.08265673779270719,0.0,0.14259436212168236
4.985294117647058,0.2505550888744092,0.16829903429723844,0.11861794820714934,0.0,0.590501758433565,2.755883326770525,9.855224885699753,19.98175826412339,0.0,16.024141494780054,268.0820532100589,1311.9304659586082,447.896191560627,0.0,341.0500953193645,511.13266221608757,3948.614531953497,697.102131069443,0.0,1381.3336577168714,1830.4130725338478,464.7956000042666,1163.2396058156269,0.0,4155.700284599919,6809.692467030658,2145.9011943102864,1044.5256725058125,0.0,1660.0592103025083,42.107426827135484,9.217460764904466,5.2163249646013385,0.0,2.4465989877046406,0.8457681972256161,0.6878605220937346,0.21330257053780216,0.0,0.033641243995118746,0.030743156540764375,0.2789115359961589,0.03169517149266379,0.06655804517563234,0.0,0.047370489505235716
5.0,0.312141432629294,0.3241084107477902,0.8508189156910728,0.0,0.7088965024752261,3.1803685565961297,7.523299506980416,55.515414016328194,0.0,58.915592044172826,22.057738289638387,2834.8651310268897,6015.957767727995,0.0,82.59663458684463,3402.3656444952344,1119.9024837809168,9291.990663353678,0.0,8007.419216069792,9149.130821269027,5580.44029802228,5558.568361123731,0.0,122.27853063949367,1276.076681033524,960.3114340118176,1801.3286427127914,0.0,2405.1122485823116,889.4375264828059,18.76124987596635,20.899157981469713,0.0,8.416655544784318,0.19431959830301276,2.245008136655918,1.789512272665521,0.0,0.21137074208821138,1.7306609404649484,1.185847582732502,0.145425992341784,0.303354178088442,0.0,0.05752842287312386
5.014705882352941,0.6994928358864101,0.4210641589157092,0.2891937778652006,0.0,0.9976164566169687,3.5679397370270727,5.018742533688454,34.07920299952552,0.0,134.07720253117822,227.44204091386302,396.9606664911279,8559.675118407726,0.0,15950.238404961548,15462.305827548436,1789.3521652808147,2258.6486339444054,0.0,2858.8337999391265,1682.539991178814,11602.842190439655,5505.262790027697,0.0,2961.4782881089636,8659.84976636824,8373.97968740935,2770.503442490503,0.0,1029.0160465546192,155.79757921544814,16.924215647491096,26.791680791760314,0.0,28.911603837251924,6.685273177170366,0.32930259988034555,1.1222684716365023,0.0,2.0610538783068524,0.5483267735461478,0.12408854269364851,0.025017405405588743,0.5232525610398229,0.0,0.46933397313661046
5.029411764705882,1.0879853041167817,1.5693685137120206,1.0020484223211108,0.0,0.7191933238858639,2.6738385881415763,10.08798027427105,11.340270083841034,0.0,2.457079670551859,184.0248407441232,306.87495631816705,202.0934902525215,0.0,1548.905897511008,6731.4558670268225,8648.059402942565,448.31719785026723,0.0,8319.374016457863,14227.806072491843,8581.752049072253,1163.5015761629802,0.0,1929.6464728285928,2567.072833405633,7057.222125289611,4392.5728230149325,0.0,1513.3886622718915,233.74046878769525,4.270265202764955,6.985905629522861,0.0,7.034493848286333,7.610692802729158,2.6636578187535953,0.061012002068588464,0.0,0.7087764902570716,1.1781570433321429,0.819304111150144,0.3286200292448994,0.2501659703615052,0.0,0.46728828764193586
5.044117647058823,2.0776550272593814,2.0527320011227603,1.1138570748631142,0.0,2.4385577201925415,1.6620520561458734,11.260075868203852,44.40194965299449,0.0,39.315865586397315,92.89188060538692,259.2214041499019,1275.3024971586065,0.0,2888.2442575437362,5186.901841255468,12837.758562477356,15827.519091590832,0.0,4113.362194362815,901.2024311746269,11871.60401280948,26802.70816261899,0.0,25708.80668733662,17605.24353034362,16917.912202476935,12212.185351551714,0.0,3222.512971281447,719.5835842643721,28.89074576019763,96.97081967390707,0.0,42.4640667326813,18.79276563973363,4.897518941305594,0.7629203146394792,0.0,0.22558302403989167,1.1771342582460549,0.8923299452095039,0.7713774370072264,0.9055187066130532,0.0,0.41579676065016913
5.0588235294117645,2.9032915433964894,0.3441421970777354,2.026212715891356,0.0,0.18300211770305033,3.0966467481744075,7.224755509628087,106.2659586911289,0.0,121.88002429993568,12.625950824203173,387.9594454193257,633.9538433338469,0.0,876.0018300850841,1137.4604932676407,296.3983767493752,373.39338260746877,0.0,179.0115206056647,1662.5625759585241,2747.8921186668617,3219.0717018384044,0.0,1025.9745344347884,1097.0354834210314,447.2765641261026,3743.911301161605,0.0,13191.50335064849,7527.524028998111,394.42280459655717,63.55734167316125,0.0,48.04792363792227,25.09889026526364,10.834565469804074,0.9220125713167712,0.0,0.34364560052364623,0.025494507319614796,0.21840685796205295,0.41668900746929627,0.13605999782010772,0.0,0.04791726773541985
5.073529411764706,0.09733970140114329,0.6823838868497908,2.3355692534689196,0.0,1.9179945927277129,3.456610024705645,7.488612974736467,3.7278341050857273,0.0,11.283345962573893,8.104030782477372,137.61102633247557,365.57000430735593,0.0,5.951471644588638,646.1872485301521,283.53190760044714,868.8065553180861,0.0,1829.7026512303607,1900.1035105520145,3213.5453010972697,9532.891906972309,0.0,10245.892748899358,3481.120786122936,2980.466832132196,8827.120698027587,0.0,10599.596135544427,5695.735511654313,675.9853723206052,24.755688710153535,0.0,4.550582936115356,4.972945919303999,3.458473513878528,0.6564512432103817,0.0,0.6659997372382984,0.315483371052516,0.4156899298520967,0.46724928322050197,0.23554816781520094,0.0,0.18450587902722876
5.088235294117647,0.9936888560806999,2.4316465744481546,2.485012201873669,0.0,1.8335978452667805,1.0724902121272548,4.243107378680257,14.132717975167495,0.0,12.174771264468545,67.40357926692835,317.3444770806981,1377.5878259028414,0.0,3143.5756358594754,4075.816667223634,3354.825170881875,388.14443412415557,0.0,173.1297904666097,1028.0023867520094,2723.7317033064264,249.69891769139565,0.0,3665.756707036183,9215.358951652843,11822.856036594814,3536.439021465655,0.0,1254.3450405894691,2151.724115772081,1039.974725936416,5.222644005884938,0.0,5.173169600464535,0.7025544496179896,1.7359354800725275,1.096937049838022,0.0,0.29124552753868505,0.3374675457603703,0.18363701696728213,0.16107955316793648,0.15794757848085422,0.0,0.0840209035593292
5.102941176470588,0.44824010684863297,0.3922998756012907,0.443603448526209,0.0,1.0318123006816167,1.9716101214405226,0.9800500876932189,2.4473649811576594,0.0,6.211448587709112,74.05549345688974,112.39190532916652,102.39693823377019,0.0,108.22614350133065,98.9764179486435,1226.0249496258357,2699.6196144541705,0.0,573.6163176851367,793.7540518642516,4087.666967508323,1042.6298411289604,0.0,823.9670725477301,588.3689060430836,3971.3085216802583,15155.17968150742,0.0,12299.08275477422,7696.488368501931,609.4935771994449,5.898356930037882,0.0,2.652578063804253,1.896205749518964,2.383981504285429,0.6192257733527387,0.0,0.14789566127093168,0.16697037378181523,0.17370150489840733,0.12283995093499149,0.054601420865289865,0.0,0.0674878187480465
5.117647058823529,1.798764588022081,2.9606186973095965,1.4947240518697653,0.0,1.8667953682217,6.57356913907706,6.730702228546448,4.413610909305237,0.0,3.2680694878695746,80.18029917197708,538.4243625812669,1047.7609081779237,0.0,589.5890523665223,15.32166948795612,4.739009316787962,797.4096993635559,0.0,2572.967348191096,1204.4515288311482,441.7067742581925,1430.8200777531233,0.0,297.34037484869646,4528.72780208151,7897.411924426813,2783.2792592561264,0.0,7219.931908882525,9521.94892853096,325.9098462017297,2.2899115025894097,0.0,15.66741452717994,7.094286441664258,0.3108434654300266,1.4366481403399667,0.0,1.1210954559695536,0.07563177379707878,0.20423567630861986,0.07348111735063073,0.14866667180144816,0.0,0.42994026884630576
5.13235294117647,0.44717645262388495,0.41751943145131365,0.5977639416487246,0.0,0.47426323441930107,0.2021367299522022,3.3322730377564276,59.58126464977602,0.0,154.3532722492833,174.94876114271818,59.12748171234222,172.04390781283013,0.0,450.2102049672196,546.1777445212824,1732.7729512110486,2260.2725841231413,0.0,1578.5050101399713,63.50094159201749,1024.2548423780518,1312.796023157252,0.0,259.26288288359115,189.94614290024964,2685.0703638500427,11857.375591705942,0.0,7525.597933267147,535.2348743807556,266.66477497321733,1.461157638804007,0.0,2.4882927587538113,0.6176290733919485,0.34008206135346325,0.15141294756005336,0.0,0.338203540167273,0.4130632036148052,0.1685900397707234,0.04887126792536299,0.2156028364613946,0.0,0.170699514191662
5.147058823529411,0.6170587560948402,0.8902015995101675,1.8842507144299363,0.0,0.9086303222286508,0.6642631602519966,2.314935523114677,22.365554197683352,0.0,91.50967117770412,152.18188132965554,698.6202363930868,689.8709169636231,0.0,1640.8367177789773,1924.2882129252253,369.4380027487505,821.5493188782406,0.0,1857.4276732588355,2855.293553668028,2892.1159392318896,7425.585212015503,0.0,2031.8656772885645,1662.3646196521004,4657.11924593539,446.31650328733315,0.0,317.82790166833297,569.1587170922085,43.55658504555414,0.4550439626887013,0.0,0.3548178750649319,0.12243527911639716,0.4225350396723623,0.8110139970901592,0.0,0.2130200546611835,0.10307776701897295,0.038648160934863646,0.0696678090817218,0.14948948592406383,0.0,0.034520498653721005
5.161764705882352,0.47591378352591995,0.9303383748036691,0.8373074673501681,0.0,1.0782216783244039,1.3483930126637416,0.90164325802642,45.47537045847947,0.0,41.0788236731116,537.7839795916509,1906.0545933897652,908.6949087931014,0.0,555.5709783275522,327.3545193256375,1846.1159037821524,604.1235365920797,0.0,2679.8340931567427,1166.353976312053,3465.2022568867587,2401.1575245955783,0.0,4363.5540609499985,6877.807800821964,5356.0027915291685,2170.9935842946743,0.0,548.3716614235204,19.68339310955934,10.178177771530933,4.458866299004361,0.0,5.409207153622942,2.7368882214548487,1.955900376046824,0.6562861200009095,0.0,0.13147400714128257,0.13232945814188823,0.16172971098482108,0.1310671655203987,0.08506720781360946,0.0,0.06399518670802815
5.176470588235294,0.811166756540282,1.9337274279629084,1.5610848357779536,0.0,1.3026998321497303,3.1874857995028534,5.066251109504353,7.677989394217926,0.0,37.12036485189317,26.897340012244314,719.5451275034214,1933.539975065051,0.0,3557.104032516274,2494.1519818991214,809.9671109844911,1649.3023548158903,0.0,3474.4705861404404,3785.741224907837,1412.4086790819297,2105.407347852052,0.0,1002.7345920051723,2483.0671375801103,598.1016140643435,1077.572149201606,0.0,694.4522742245754,24.50138456956661,121.40334378462919,170.95475869298224,0.0,72.16913028493141,11.005058142231983,3.1675052332963443,0.38567166225206573,0.0,0.6056071945752242,0.4980985869227088,0.35423995746430736,0.14287471479344252,0.03386355724574105,0.0,0.07639718790541059
5.1911764705882355,0.5244040666041198,1.7312435737761322,1.1978214249118313,0.0,0.4096889763982196,0.632096228013961,7.323738886791423,22.430772787715238,0.0,10.479002932434359,36.257361164435075,1208.6267668675414,4028.9950898641173,0.0,2725.2809865368217,262.9707157857822,2645.017596131103,577.7315461646433,0.0,1645.6934345802429,1364.8913421771522,1063.3091797496477,278.4380615529243,0.0,252.7743061245262,2007.923253517213,5388.471649887839,1719.5581394942526,0.0,59.670644961570346,54.293950619108685,5.256722572181839,8.109177660634549,0.0,8.939711946269295,2.4256388499063286,0.4636767587454899,0.6318287825507195,0.0,0.23143209953946312,0.13477775504231704,0.07943593606157105,0.18681136655562797,0.15832861857758754,0.0,0.13461130996154835
5.205882352941177,0.9104700027973397,0.6720373053579192,0.19940390456557938,0.0,0.7874488740022654,0.9138549289959901,1.5658806965593839,42.764351055806806,0.0,116.03298026261872,36.19231532949813,513.9301585109304,734.5051409325333,0.0,501.5398936683731,2536.0347242714633,3841.0796336409335,4774.007428473151,0.0,5313.0476980767025,5430.658555871995,3574.1912487976815,2545.2991889367486,0.0,239.66047158155843,1034.3283897833014,2013.3800980137125,3970.5428533424247,0.0,1947.3706681356546,198.94975648900257,2.396324430220158,1.7108010984212787,0.0,1.1962369767682528,0.758463566441389,0.690545977867163,0.19471267201377074,0.0,0.02248552899200073,0.00836617410935505,0.02987978521579033,0.11262815049325936,0.15708226058850905,0.0,0.04264525855192819
5.220588235294118,0.19345690842921082,0.6947348052214124,1.3979475144869284,0.0,0.7089601468640067,0.6517612868816238,10.120253504503467,47.02127282220514,0.0,126.3256949989439,457.7203957923233,860.2195486360118,4219.805444063065,0.0,4784.432243886209,515.0765732788091,5184.970892932108,9466.13089097909,0.0,6894.897136211947,5214.759886981479,4781.436779275602,812.3489127602402,0.0,3256.044819177877,1185.2775770929256,259.2421447778945,2128.2543388019412,0.0,2001.7431509677176,755.9611723639321,0.1587041322111068,24.62017218478899,0.0,3.4695704564465153,0.5294658650736329,0.03870575403753945,0.618805764179529,0.0,0.8690618723122554,0.5330655511252935,0.11012241979907701,0.06905067170118305,0.19101556653783475,0.0,0.13564741166198346
5.235294117647059,0.3411455164795897,0.728274791332878,2.066082197530862,0.0,2.1772703163872738,0.7610169393408623,0.7441139552236604,44.59214988726994,0.0,21.091164807965583,41.0044521072216,88.58651309351367,909.7964814626819,0.0,2835.9635661927855,3924.231878827343,2993.8076068397168,1348.3696782913546,0.0,2434.924957785009,173.8541124882447,5466.837504946516,5360.162750817222,0.0,15690.624645218484,33918.79972048626,33707.792177321535,17928.750693416747,0.0,10435.070233117756,2834.771079998027,47.54210551387966,9.53196698837935,0.0,0.8970266473220009,0.8842072998416508,0.6882407865831186,0.34338561333718925,0.0,1.0411065623548272,1.5892591703954866,0.3230918016625849,0.2717396316709641,0.44001980886299097,0.0,0.32489381390408645
5.25,1.189961133499133,1.69770783203717,1.7880851417738697,0.0,3.2061502159419546,2.3641757936332026,1.2696458126891699,1.3191139529024236,0.0,36.75700970694939,271.9734967728699,263.6553604716529,687.1657299676394,0.0,2888.3769994731365,1166.2108659980966,878.7524131744733,6050.327264149821,0.0,13459.59550701838,12041.071402243499,6345.087364534585,96.06130518382926,0.0,2269.973699241662,427.2119045429255,360.3902065156261,1547.8444291175801,0.0,3756.011950427377,840.741662497556,10.569784466434927,1.2143116653168786,0.0,8.397807705137076,0.5111538772408025,1.9487310881836983,0.9428867271153207,0.0,0.14821981515456253,0.21675369670571104,0.9596226866038944,0.7028342701582333,0.09685647868172229,0.0,0.0350438202756916
5.264705882352941,0.6655364250108354,0.47748951682166413,1.318556964319253,0.0,1.8286215796676335,2.7039883521478814,10.337954742805998,12.268339722327614,0.0,33.45246116465728,379.91720271562303,700.3601273037675,310.4744014689863,0.0,1563.9652991301532,526.1576122248937,4257.2005275364745,9928.689402012722,0.0,5762.932502850222,680.7326581948312,6470.735976571117,6342.991410683166,0.0,10955.825603039131,11168.966208214999,767.6630394017284,2516.012843404995,0.0,1580.4554275431565,1653.3626665993233,19.547974342970207,0.7769522137513274,0.0,7.84197234211935,1.4755700712573883,1.017054520078826,1.0397975350835496,0.0,1.1658755327922068,0.34425530813087046,0.3245411490327177,0.2645153417688335,0.061644971462933046,0.0,0.2007973604001881
5.279411764705882,1.09100709871739,0.40323773180073047,1.1591708608719633,0.0,3.5064005942247927,3.0678468936565535,8.933945690503538,11.249551412171446,0.0,7.897514141674334,146.24261355237292,2.5818964092925607,202.77630080505452,0.0,499.71492169829634,1061.3145268898345,8417.700260416002,8706.459230971705,0.0,14827.780172657895,4661.565047907278,4812.026929257678,18501.52496801548,0.0,12248.336408885549,3115.1810514740823,12994.20477221753,17169.342200433446,0.0,8884.97845002576,1478.6965858097237,32.16361832437763,40.055467194856874,0.0,3.627546773820547,4.871856389379806,6.275289676603998,0.9047734282598818,0.0,0.11162063411908943,0.2784313322980021,0.3175256843654712,0.42731922827749935,1.5009647131452009,0.0,0.49668141394398546
5.294117647058823,0.5705958269282345,1.3887657811407446,1.392861939746586,0.0,1.9608175318392578,7.223144326896707,10.201922315265293,16.6399182706037,0.0,12.98331922581486,24.731008466590012,28.016308097587743,224.63384934781288,0.0,1530.947364788047,2492.5663439932136,581.9079986285205,5925.3607539597815,0.0,11864.189224507174,16649.644032591743,4318.582144831269,1367.8649775777212,0.0,314.4643197109142,2743.941070662717,6233.99018205072,4081.3635847989476,0.0,1021.9213334053749,1774.6183935630206,181.0590673000013,3.988634637986822,0.0,14.158431578696604,4.521544206546191,1.1247985272927892,0.40179273364783613,0.0,0.10286133930296777,0.49227319642514344,0.24803097970457955,0.27545196341777534,0.02573365278166942,0.0,0.16754310103892123
5.3088235294117645,1.9899651692674043,1.9290184666562156,1.312840409760484,0.0,3.384962676115566,1.2167073174310117,2.1458415844344234,3.084911143233395,0.0,43.44165226541717,147.75730090617895,124.87574865603177,771.5082011638923,0.0,894.396922575283,1667.583372671852,736.4173399338181,769.7155446193176,0.0,1300.714116438333,2217.948364074022,5432.9168551992625,9703.75681531091,0.0,4504.945908795653,4355.4879357175305,153.48746417519158,4804.610245921151,0.0,4194.921064137399,10886.175336867876,1413.539457801297,5.7089897568435735,0.0,5.435652214463566,1.2985112500168952,11.75754549651764,1.9865268607257172,0.0,0.1252257509475606,0.25092048450804344,0.10659213151377323,0.3039392678024453,0.19722809098799865,0.0,0.012824048687664326
5.323529411764706,4.809263741069066,1.4198663103168307,0.41742286173546794,0.0,1.1926112263569948,2.1929181421223642,5.860866288062083,55.36432369895785,0.0,67.18081531848267,339.73570500605587,368.08212686813204,401.7689969420002,0.0,2177.2496610475737,2529.927643771798,132.78860810045302,1336.426797828231,0.0,216.0396806610362,2718.632745292859,3452.8411832539996,1009.4243396683007,0.0,3562.452341577213,1503.6191670597555,9156.526536929447,30060.94698755121,0.0,25132.05383271943,9989.211971460849,1096.7414017807264,18.649504801447566,0.0,9.837024352784152,1.338761062428139,1.1570205772549063,0.15959635594611357,0.0,0.10705759607676708,0.2548726008642489,0.2267056749185758,0.14124829370730257,0.04076343786174241,0.0,0.335715602679241
5.338235294117647,1.341928873554644,0.5053330064834298,0.59925177016804,0.0,2.0206521104941975,1.88908773502311,5.894864161393043,11.198655031378877,0.0,127.04426520081373,68.58446013061568,177.4404643275891,23.40257776788249,0.0,813.6384898374162,3019.8983378736048,5921.502135054225,1939.0019672454332,0.0,1687.0237875121538,3107.0812509450457,6236.922727759195,3042.6230378741693,0.0,982.9189615003843,4473.6984752188355,3690.152266772021,3049.0130213441266,0.0,1024.2049251493015,145.10488787489453,61.228207884155,7.783769991080292,0.0,13.84456532934979,1.7353536263090215,0.17059105595942464,1.523526334629782,0.0,0.35303961149499946,0.33446958414890876,0.4128874305016714,0.1397636999452732,0.1630208852704173,0.0,0.2762928552446042
5.352941176470588,1.0835763365970836,1.2213511954259797,0.37171883549490214,0.0,0.7656767900476518,2.4845371575420785,2.652265347939855,58.913182833884974,0.0,217.281384611427,289.249954524617,76.74225044978363,1337.977810287497,0.0,3164.873119910424,464.2216414095758,533.9738107082214,5995.299238271411,0.0,5435.54888015324,520.9582662047827,108.40327606061811,3670.700791638399,0.0,2755.7992182088374,6813.588209062401,6021.729349532492,7035.138458042235,0.0,6135.50165271649,1758.7926680983612,81.43244345992021,5.164285316295361,0.0,1.0629088834257676,4.080199194929468,1.0115719897036146,0.8330208833961743,0.0,0.6163642947727704,0.037354837571366956,0.028945456561315152,0.037552200423841414,0.04669063554405254,0.0,0.09208033047131176
5.36764705882353,0.18751175169700515,0.16788026443588433,0.19937383718853532,0.0,0.17484484779007467,0.8028976450047546,2.20574757973388,5.246104510839899,0.0,6.043953043828557,97.35294147434027,999.8054491215005,1692.7343103136077,0.0,2005.8810130024037,2566.9356528720086,2347.4714625985725,4593.4590003369185,0.0,4945.060037887853,3608.8040346898106,2893.166994327855,1491.730312228168,0.0,3961.8739050568443,804.1236340813223,500.98229610045917,155.47744582441456,0.0,38.007706974497665,61.72526897452718,3.637155758725667,12.85987816190893,0.0,8.153960424213931,3.1799822768473165,0.9234353747135944,0.177394035360356,0.0,0.4518046502106636,0.13643009174468895,0.14599730721942752,0.055514422796615795,0.13528739254966304,0.0,0.2910842053347357
5.382352941176471,0.5708486170519836,0.5014686570398829,0.9894414346825402,0.0,0.8618723188540258,6.001536600209682,7.244070259316258,14.754259603687306,0.0,128.89036978418545,124.97485812311288,167.59018559996406,965.0902901066089,0.0,904.2531549573181,1812.497940508131,3642.1438610480536,876.5428057111783,0.0,376.2756144815985,3462.542459981665,7012.692578020089,6031.195108316749,0.0,6641.117088247853,8006.352466808188,486.2353513575159,907.8905735053161,0.0,539.2041294623594,99.82799965562914,53.06236305347714,1.4213100208188523,0.0,0.4398105980521859,2.5961410910777687,4.493352963704171,1.169364314058989,0.0,0.9266935832495109,1.955569733669849,0.8099443048676986,0.09210068950635679,0.20071668588490477,0.0,0.06970851108491952
5.397058823529412,0.5206964246966866,0.5313457249688694,0.31622744631149224,0.0,0.45347851354874036,1.3532960686014055,4.267453416975634,152.20580738512047,0.0,521.7073788186251,506.81337529302914,192.9227954426973,155.6609409199577,0.0,465.77940119895516,322.67869689195254,261.814264053046,31.70497581286875,0.0,1116.7902055442164,2774.7540965190883,6119.086959558849,8557.106319985738,0.0,5718.4294839006825,13100.917615231912,2097.5034281701273,5689.440560353682,0.0,5758.743112606939,810.7024692741735,74.90120183593784,3.377446571039515,0.0,28.243753744730668,22.824052738642905,3.9128859852859064,1.3454596018953455,0.0,1.1170655953956001,0.48840839530059854,0.07803586641861462,0.6551341949771319,0.3414998327455495,0.0,0.025191438910221863
5.411764705882353,0.3965715481608387,0.3396458597686686,0.24874369675440894,0.0,0.14397004042199765,0.36243894946114064,11.732373745038867,11.589867677140804,0.0,291.415211216805,385.77496388001725,185.71058129036234,253.52661235316697,0.0,436.03487306997414,1618.4897544362943,3209.389977327549,4543.951389508116,0.0,4872.3991817586775,646.7189612933903,2243.807091960517,2497.166026034581,0.0,3308.5653063057043,635.226625159273,4940.801161838001,4134.862407634731,0.0,1235.1963659935464,44.95331089413267,22.17479893333314,16.600935101117482,0.0,0.12850077472648808,2.0921799894857713,1.4892612918712747,1.0580233565670254,0.0,0.38770369069539035,0.04214814948547014,0.05982311110636808,0.02171230794746207,0.29503444270566714,0.0,0.42624718008079077
5.426470588235294,0.6105351074702328,0.582550339475438,0.30485461930297486,0.0,0.36973030756152114,0.5493491412160727,13.45861780976104,3.591794801726464,0.0,89.24474338644814,410.2701801228112,1291.9229578006607,2401.971487183425,0.0,3062.2908960736663,850.0410713618087,142.14723988716207,221.85513267309165,0.0,1174.839067505967,699.0828721781642,554.3111308297426,374.9257504266182,0.0,1976.89476629484,90.47538849988213,679.6806585785246,1626.6899340497384,0.0,1356.6898162592593,257.1190250128488,7.7692623011787,4.587415632495516,0.0,4.962432796454262,4.280852231364216,1.1429549345568977,0.3734316731952266,0.0,0.02416492372840319,0.07250809162394051,0.078868944848909,0.04406296834130538,0.046806187037699926,0.0,0.13281057428342502
5.4411764705882355,0.9796214067375355,0.6375946348825334,0.12698085961329944,0.0,0.1573031189147272,1.269320368646453,22.61027397621197,20.171690554715063,0.0,40.87438867992107,373.5407484575354,3213.175577494403,6560.309186376797,0.0,3245.2593140962485,4949.208353924667,402.8513290524685,5512.747728769946,0.0,8733.360517512001,3475.2574869732307,1583.94773654048,3646.2882284867974,0.0,2081.8008124291755,73.6617355501691,1366.6406729178298,649.5884058939127,0.0,247.65744124529112,100.50621584426308,2.872604379314213,3.735830662091686,0.0,3.9115646402869615,2.7808139769044424,1.8921738889501474,1.054681547150028,0.0,0.06650066210261336,0.1615535581461062,0.023548061521704862,0.08095441276411569,0.012816219090174972,0.0,0.06185463032818177
5.455882352941177,0.6686862517910137,0.9649434887965104,0.6495479475798216,0.0,0.29096599705472315,2.2634283338649777,9.911114281107135,21.856308161587172,0.0,28.819238384155152,208.4068030608671,361.77716610491814,2342.1911809778458,0.0,2220.154234266931,2835.187272238408,10958.362420236555,1955.8669878793762,0.0,1327.7047386448976,7433.951063023386,19658.698779867755,12038.323868397623,0.0,8631.676466039182,3951.1127540050898,786.1773520154998,190.43148341279985,0.0,863.2511438961187,306.2898304052361,17.560568388272856,1.6899394164596635,0.0,4.1620163368043075,8.253331807815957,3.4429586986763283,0.07003859433845289,0.0,1.1183556651438904,0.33836711481780024,0.26489860351357175,0.5801284519531742,0.16436107307054096,0.0,0.2985402704561934
5.470588235294118,0.9633197666968868,0.6540108736590318,0.6942191588714248,0.0,0.8676253208310956,3.8205280376173882,12.67801788131067,13.207698282098495,0.0,93.11378721160568,198.55276676040535,648.638270564994,1609.200218727593,0.0,3789.3545930983546,6644.113539237827,7468.268890390587,13946.482442917031,0.0,3193.8543699917936,4444.7164534389,2332.570766792017,922.4186858972527,0.0,988.1132654037592,4132.024643439741,11483.496912428831,12168.081889926658,0.0,3638.6043042606343,628.9691125893235,86.79190731179456,14.01859723979254,0.0,10.363593429513678,7.907933274613271,4.64728054381697,2.020625198027175,0.0,1.6449098902819226,1.2136674273836001,1.0599358532935934,0.49064864133432706,0.16313284575066414,0.0,0.24277097092569916
5.485294117647059,4.408903752585996,2.9271626529893906,0.5729471549611949,0.0,1.8428215645991215,8.87667086655988,10.67638917797441,26.71067437845265,0.0,30.465586315082287,137.03203319720546,66.31745099442739,306.76188394856666,0.0,509.7359250705239,2328.5429497035793,5723.454745281619,3803.8535792055063,0.0,2114.6453283841333,3546.7152142582377,4807.878643201057,1069.6913790427602,0.0,1590.427965972168,1644.0037145442693,3783.049824062973,3187.8368798652104,0.0,1194.863034122996,437.6328171501018,44.669721967392825,1.5012602504946262,0.0,1.9206413160107363,8.286603886906853,5.588552296425988,3.049454465445703,0.0,0.5694666254449376,0.3641183284583063,0.7366012330755003,0.19912375919895436,0.6861252024182332,0.0,0.4305341265584594
5.5,0.21082351199217336,2.177395454793662,3.628486443698862,0.0,1.6095895190371534,1.4949001708644265,2.5598874508906775,89.95209303566526,0.0,34.37295883599367,56.166228869155205,125.10028469525241,16.126689223641712,0.0,140.41917425627656,861.8715834325965,2166.962459582446,1839.6773610252008,0.0,961.3712158951919,6550.240867332233,6754.472575802307,4400.748682748472,0.0,8466.117540555291,1103.3411782577887,3530.7838380352787,5134.041746818872,0.0,2365.553665655062,98.68326595098341,57.64355846768432,11.633395144668764,0.0,4.010899899400117,5.514528093519319,1.8394032061370236,0.05480817487571701,0.0,0.2771310656635404,0.7825077393058403,0.3848492443494916,0.27477466952055174,0.04220437275947434,0.0,0.02891167096650791
5.514705882352941,0.4604728288017011,0.23214636515162118,2.7974488074386485,0.0,1.5424501277054379,1.1888617004246687,12.55963321660856,139.57468354097497,0.0,201.07351921318593,190.7978752939208,202.84701424265253,70.70189352850107,0.0,805.0438934064096,2017.4910669052006,2555.9758512590147,3466.0708049814593,0.0,3678.950704056859,4934.304198603117,1102.0319533536704,612.8490869109918,0.0,5846.06004750309,5552.165919605593,4707.9565354415245,8345.134830650775,0.0,7914.0868498740965,1248.7826453255357,45.25406304122912,6.63130269559672,0.0,4.014993367498966,2.2847048701540387,1.5306042196379617,0.3884036649968617,0.0,0.9378471841187813,0.6557261863288902,0.5695753734289312,0.051243865908348674,0.008718219797333362,0.0,0.05134957874316346
5.529411764705882,0.1763367985765319,1.7641974788251606,2.5108087600318756,0.0,1.1052575310703074,2.268320489194621,3.196417874821905,3.636694057040365,0.0,149.56670378632572,253.33085274837532,117.83992767349883,536.1769227872412,0.0,64.30709642086526,104.84240571999072,279.4152275027706,615.5018088624067,0.0,161.27192668750908,1197.9201140643354,2463.7167765400327,3147.003786728322,0.0,4842.052581873869,8031.7918821694875,11720.355765756836,2985.140723752076,0.0,5493.3284758565605,830.1805846900022,162.94847522439034,0.8766520164834801,0.0,12.892710620363406,9.801918325614924,1.274075709197625,1.0377470392851622,0.0,0.030517239468010843,0.03342951517478787,0.20443407577394662,0.2265754862891443,0.08147190662592244,0.0,0.06294690420218549
5.544117647058823,0.40624493174465126,0.4972442931701777,1.315229142710602,0.0,0.6907857401450156,6.814775498956313,20.579472647804916,48.400897466839496,0.0,134.59928835589727,186.63645475600538,239.84199180058582,416.02591630509687,0.0,107.88851901346757,900.0770911622665,1710.1313563762108,2648.7829278751124,0.0,1537.882762013737,1233.8807830626995,3466.080336447212,4659.149252658335,0.0,3859.2213579383433,682.1621603896308,531.9203988031725,2073.8746914768553,0.0,3350.5022740686336,2665.6989896892137,15.676237737074219,2.648630428329822,0.0,16.084690054362262,1.1277476065063634,7.7756681101554035,2.2317806608666677,0.0,0.1353216666786811,0.15672653493356578,0.4090498522529459,0.23869518113481714,0.07546283089842327,0.0,0.12255105914061212
5.5588235294117645,0.7966051594036184,0.7210724349251287,0.11627066083772057,0.0,2.0774915014084976,1.976029284411183,6.4475589483232705,48.43288312013054,0.0,251.81803610722966,270.74055116323143,187.0408577792012,2012.1018566506345,0.0,3580.2606094910907,2634.6518794394924,1222.4294447780803,1055.15830366511,0.0,1772.024057410791,2233.1452927721857,964.141312994424,451.22962611188717,0.0,2596.821998545017,3408.20099462471,11115.268492000974,12566.477041506016,0.0,4812.9899957140815,999.7599588892033,188.0932504338474,1.2210771134667708,0.0,4.443552965964242,3.1375195286705644,2.2507878106835535,0.4215882706666785,0.0,0.43180719803122847,0.33073285330478946,0.216344995713663,0.27928253052558416,0.20600848627904972,0.0,0.14385922352939168
5.5735294117647065,0.5852378680143111,0.15599726999578606,0.5511347032719314,0.0,1.3555316970197202,10.270276132972835,26.2085752498851,53.754602239904926,0.0,37.89356146546845,550.7453691584776,414.2645643965654,631.9271665234603,0.0,2741.2160560157326,4905.792766892495,3285.4206264456793,315.1666885541185,0.0,1970.4121840055864,2213.398150945428,52.467803882129004,2126.748597794441,0.0,4587.929397147929,6610.944682688456,1038.0026856972054,4458.676663700977,0.0,1527.7415006855701,733.548144854565,8.544470920497837,8.58193899947502,0.0,2.2803739514703256,1.9006730360695556,1.2216742429627714,1.8309235506558514,0.0,0.9454397863197277,0.15664309835023765,0.19324168912516937,0.31554549488342154,0.6740813677441939,0.0,0.3964531729125359
5.588235294117647,0.4116305330527226,0.8049270434002291,0.7871085707032845,0.0,0.9725400933633115,11.00460881590444,20.09329836585398,21.89587533136234,0.0,111.49652475953954,955.576443032091,3031.729107691214,6519.433479169818,0.0,2626.0507688385615,366.0216351549706,2395.368192512007,2307.9876348452026,0.0,615.2444777463722,8727.207160449238,8388.86561895991,2230.0629150052796,0.0,2273.517118367179,6108.656092015533,4415.616284101475,8352.957936828989,0.0,3185.113233844735,522.4678709918087,7.486305895935256,3.045858499938851,0.0,2.386451441830388,0.16190348611246763,0.09835561999871605,0.24312884944099475,0.0,0.1253433293524084,0.07363826658724867,0.0067838273773072845,0.029770567843756087,0.050380367168942126,0.0,0.008107513351194341
5.602941176470589,0.17350462515792558,0.4726015807628708,1.0899309419617111,0.0,1.060580851408052,0.15061068946280795,7.923274514437146,51.959680691581546,0.0,112.95079084913854,144.66483444752453,79.77033503949153,193.65789069852042,0.0,1563.6497422101424,187.6268397765819,4796.746598416405,4177.656008107821,0.0,1462.1913582801353,538.5894776727432,6643.719835564714,20335.389177659676,0.0,16744.407126614173,12026.180972886448,13913.290534441738,8446.084126638325,0.0,838.4093695380016,79.42245244151289,39.50649049554285,1.5839765470934308,0.0,2.7557169371060755,1.7556995732087337,0.6517849839663454,0.1305950795057838,0.0,0.053225989931862915,0.056421740989506176,0.15001139592125054,0.1957401917667382,0.07961170793264455,0.0,0.03756985129911973
5.617647058823529,0.30698472275533684,0.6405643187995316,0.79546288048353,0.0,1.5077161332814226,3.2484249198650685,23.200069469797338,188.5015728851259,0.0,224.02128774560026,51.41078145652164,213.1989425660713,242.11097568119328,0.0,425.7197952669087,921.2273698257493,227.0589078629671,1500.7260197947066,0.0,5408.228916486487,2964.741844323503,1245.8612872750987,104.22406544734143,0.0,5550.757416335339,5352.38586490381,504.501773703877,4518.661360515982,0.0,2680.495419929743,1349.1155213341126,44.62059757503135,18.570406620623537,0.0,1.1227297721196454,0.2554682683862219,0.32277310797024433,0.3362874069897428,0.0,0.527060999314343,0.3643015855828893,0.2271172836489988,0.04815449748016061,0.13055628818813356,0.0,0.2559516397607976
5.632352941176471,0.2667402502338592,0.04175405657420036,0.9343439419128383,0.0,2.345630366917283,8.426559735517507,15.600751390984227,14.716815017377845,0.0,87.70102292527906,163.71516972232195,100.43772819183634,276.92529155118564,0.0,987.7494075131224,985.6282342558729,1895.4337736012367,2477.742732535853,0.0,3945.42713872511,5814.9031760659245,3062.7204210097966,106.70029965012557,0.0,1036.5558031043763,5310.748383785609,4213.427370117845,2149.9854340485495,0.0,6912.112328955949,5016.755833667385,235.11967997945789,23.535059450966525,0.0,10.930560298844496,3.1181602557890393,5.01039846803782,3.0207129726274387,0.0,0.1231908479112126,0.5596675986488246,0.3701155581609359,0.04398648183211425,0.05169193732773618,0.0,0.1109095881834724
5.647058823529411,0.4280326442683794,0.426818927721403,1.3199200847943726,0.0,5.620112922434178,4.650366517861315,4.701374870437721,1.1384011777838152,0.0,32.63752795560114,226.13159583080687,582.4336317663629,877.9178517465091,0.0,930.1542928394839,80.13073087643252,831.8112936912862,1395.8064841608175,0.0,1093.523349663798,898.9846511928481,689.6484861701945,1987.6251444786772,0.0,429.38878347776813,752.3907355212793,250.7521446287871,4952.950840733907,0.0,9263.699599373715,3499.462889699994,293.09091294606446,22.225936506512248,0.0,1.907781319774362,1.0753593808705626,2.52202591632932,0.27645426035307197,0.0,0.34245688545115716,0.06946282696433251,0.1214502969781993,0.4007882690165876,0.541758463798371,0.0,0.14464385396116133
5.661764705882353,1.5907001379494958,2.2422828561854593,2.4667470262972664,0.0,0.47140533002481627,1.892803300393847,29.03427273174097,113.97506231698456,0.0,202.36432351426794,262.55801755395817,139.39771209684878,216.00304442659257,0.0,132.3368092540512,486.51771429587404,662.0613177152329,3422.5126174579264,0.0,6644.437354555752,9224.91283259085,2579.203102494091,3073.4576936466783,0.0,1016.3134295813488,2506.3131841440013,11698.680002949568,7328.267463986724,0.0,2300.551840436833,565.5632540459567,64.8644828543514,1.3733024198969142,0.0,6.287096628436261,3.4386277421304556,5.645467517261323,0.41377458342153434,0.0,0.1773577501340085,0.3103860483344789,0.172361349158975,0.134559795457085,0.3604341681910897,0.0,0.4640863835984964
5.6764705882352935,0.7085116051158586,1.161212979836741,2.6799619227626237,0.0,3.2793623109509613,2.2102636186677698,5.833119469510924,13.510435648489553,0.0,7.601224918951392,34.651901199242175,257.0902431154561,1018.5734045997071,0.0,467.81649794035025,1253.8863946499523,2163.223958288228,7038.555273945387,0.0,2285.63544680089,5626.169178062846,3009.886965687551,9497.342870279794,0.0,5527.863779784022,3492.05247953632,11541.805519730671,14684.327736347026,0.0,8461.174318407457,1464.9308960619524,103.38687792674187,2.578914443434495,0.0,2.3483238874444736,1.8852202436977807,0.5355384064775534,0.08534173628517983,0.0,0.18801255859172328,0.13757812745446102,0.09252671216790394,0.0891561967320458,0.05051573271792191,0.0,0.02095505121063794
5.6911764705882355,0.8340130601698053,0.2753928880194579,0.2957848610171945,0.0,0.6008511057989779,6.105544381233319,11.55705881979835,49.39710996048716,0.0,33.30152000064778,6.383082043514541,158.37366796001243,1519.5531275601668,0.0,2112.184275636936,771.6344462065472,4492.874684944445,1660.9507284584408,0.0,532.6916087776497,2053.2936149933857,148.27913353821643,852.0847699209728,0.0,1152.0279214989273,1316.02043796424,3146.6196437754825,1482.7955161464938,0.0,3618.2287429159487,1410.8887179517317,6.710141373999143,7.795167910641508,0.0,3.359591285970864,1.5027718357925042,0.4125091032806056,0.09641574602064468,0.0,0.2987117723312074,0.55181953241299,0.15079097983934142,0.14249059947391388,0.09311870912594793,0.0,0.09251731970088434
5.705882352941176,1.4653051912058714,0.6577483713829331,0.5428121840135132,0.0,0.6839621239585982,0.8170831501353408,1.5156618281660557,41.951500356549516,0.0,301.1072637566275,253.50118819670962,52.0036914061685,708.3496208200934,0.0,5855.046595641688,12026.593926548045,2668.3841276197245,4186.190513492441,0.0,3171.4603327742147,1419.2034174817277,3628.836461103787,742.7670899760986,0.0,16514.621538334573,12617.507115239025,564.06116340742,1102.4335177984628,0.0,2550.801052045653,530.9407779919377,96.83256879017895,7.515145794728417,0.0,7.313121607211624,0.23859420811332832,0.01346347673381261,0.5449963018029311,0.0,0.2990813282497309,0.2847691885554748,0.8389231944336755,0.6425948520232782,0.2403022018095095,0.0,0.13276505363179253
5.720588235294118,0.3233879913702641,0.5233738693265422,0.18543925588273388,0.0,0.8737885422090179,4.36652159542861,32.163400306415454,45.966519102845965,0.0,119.89587975891953,826.0520209300353,733.6173357915536,727.7245968128038,0.0,1539.2634640997112,781.0428349866893,8951.323631361734,7951.59035580075,0.0,11205.516121960758,8770.001807669283,1335.2318275174491,13146.400904449416,0.0,5465.710806637161,3106.5316332922007,11897.047846875728,3405.4071171864607,0.0,2020.430354589007,565.6532109807365,26.276980411264944,1.3224626983849925,0.0,1.4379810660260608,2.4300957390716045,2.8952206055315775,0.6451572998884627,0.0,0.49157382333492156,0.34960347743631076,0.13754411719923254,0.47218204418602683,0.8550607073335897,0.0,0.10988128087386761
5.735294117647058,1.9788553107522673,2.507531407982005,0.731897963336068,0.0,1.0668022194665863,7.999698810563192,10.453196078371064,5.401999695709319,0.0,23.9316200357667,816.6669231783214,2159.87916394902,2490.162564043303,0.0,1037.9288514856983,3918.700831597631,6618.255768585005,6118.528039057819,0.0,868.5415344299478,4651.7238937040875,7194.645464071843,2094.429848449834,0.0,4466.387445986262,194.42927304214868,1057.675789840133,9027.750461861477,0.0,7806.6807912157,1054.0527517422672,7.777761728816182,3.5252870284256366,0.0,3.6305418992853102,0.42996156755627774,2.031408112793733,0.9470229326882895,0.0,0.2104439916090008,0.02908079533525037,0.05400659501674846,0.05182356794522435,0.2084372198176293,0.0,0.07032977282608749
5.75,1.0202408906423788,2.2971667971624212,2.5376317142629543,0.0,1.1699257347569985,2.4216333513359505,7.443584964393839,16.373728918956076,0.0,85.91510195041968,282.5168424048709,1544.921050032075,1888.2883644488052,0.0,972.7698659518011,140.73343704194917,778.6762406717253,2211.7997282355777,0.0,2748.3187739291416,7155.477786682573,7477.907456268231,9301.131645208618,0.0,9371.220051356137,4698.8561307607815,6207.99761388719,3967.4141946301825,0.0,379.9712395686832,1150.5218387806242,35.48850546483068,11.102142935524167,0.0,4.452552975004673,5.479712966524238,3.4619056994188018,2.355324397671278,0.0,0.8878892973818402,0.253113901213625,0.11141757970007385,0.13358902499500602,0.2510886650520043,0.0,0.20562279493676078
5.764705882352941,2.3808020385899358,3.864711629748078,2.4357682241875276,0.0,3.5555167462190305,3.436850045427185,2.6955944425168323,2.954117434422576,0.0,21.67692890681643,187.70803178977206,1472.3291314316887,1929.3688722971906,0.0,617.5315815516722,867.7890640371594,1592.4675995738896,660.1487586752762,0.0,5130.948215890783,3624.9207674731806,3280.539632145343,7181.933515250283,0.0,6324.526587199005,3111.4302764372883,6969.868458012236,8581.130281888374,0.0,4760.190098149744,46.115742685387666,39.739385925149556,13.54239582089269,0.0,3.9865479629115823,4.8064007123229935,0.6259734897268692,0.5659902034928475,0.0,0.1883663955821309,0.11068212026955483,0.11019500171634809,0.16010170558302111,0.1935230888036272,0.0,0.03935525800316835
5.779411764705882,0.4220836994087057,0.4389750646531062,0.9579890066282486,0.0,1.1391216892365914,3.9241588613775065,13.414202467373272,27.957510598966017,0.0,49.8656483258048,13.289876587872545,373.7733871518568,1541.1203358172875,0.0,503.48467160328073,501.544109057412,1965.6001945615922,2184.946533096082,0.0,1230.3731746387843,1892.2769921534841,2486.49628037039,3461.661313304774,0.0,4873.885182785756,1722.988355715083,13718.585938549126,3538.8406449595823,0.0,405.6742174135014,470.2372708734472,7.587008864223669,5.229932983849742,0.0,4.636651696139866,2.2454238443346553,0.04100152419611063,0.4069883863778905,0.0,0.09683288020128004,0.054418653259596175,0.04869669056224096,0.11252827085258187,0.06898125051789951,0.0,0.016309808244400845
5.794117647058823,0.9040308954924379,1.126119629674103,1.4065301544212439,0.0,0.6217914743366406,0.23463526845587745,3.017664277342643,7.569776481949443,0.0,49.706840059661836,64.44173239089011,5.268599989678284,243.4761704339634,0.0,243.97138913832526,1804.804445734348,1523.5223859064613,143.0549986534003,0.0,776.7829469414422,988.4629341662537,4467.142828834747,3634.2409081327414,0.0,22463.683587341515,12675.434466920371,6110.866435396691,7795.662080916143,0.0,4746.803121801693,382.5390477309668,5.568092427211591,6.751589629682025,0.0,2.7767821560162016,0.4834850308769705,0.7889219266668264,0.44715258590048523,0.0,0.09188375183029432,0.04936427235196142,0.08448866551700432,0.21069146042017678,0.29432857316898725,0.0,0.03569149023120142
5.8088235294117645,0.1093575574805705,0.1957574649209946,1.630647441377354,0.0,5.890360352632732,7.784025024247706,17.983839794792015,31.715205904254862,0.0,18.65678583387333,5.447567913592756,138.71888738246582,1018.694121062337,0.0,212.08448023975131,6712.693961248973,7990.022917889457,3956.0187167869394,0.0,2928.9666036484255,5888.618081489608,5362.626789833853,4505.107119501921,0.0,750.9764158327525,9658.608080064078,10091.251359229085,4110.703699752307,0.0,516.2526797494367,298.9788451438386,88.0128179412263,26.6151657684142,0.0,7.983215406350128,6.883235303518655,3.824631113660528,4.480185552993845,0.0,2.2135219161003326,0.8988681579109404,1.1438891533430016,0.9071111233615714,0.2986886786156667,0.0,0.047989359613566984
5.823529411764706,0.4574938133484292,0.2550069198763685,0.5250692222508466,0.0,0.4809596746670832,0.7114319297323225,7.023326657195774,34.31118014114715,0.0,120.68079660896927,190.1584729135334,855.5155697054863,2626.619949744087,0.0,2575.381845909557,957.7301591516889,885.2671181992963,6810.969354657207,0.0,3645.863974062505,4335.4821086568045,3066.138027640899,5060.471852938316,0.0,5569.479705289614,2086.3519306637627,448.52608625078574,5255.931432034491,0.0,5211.682075748596,449.2988228174603,24.816395750188278,9.7744767366639,0.0,0.22654013942851003,1.4417785079271024,1.7720389229394264,0.49493004171879923,0.0,0.2411794682452682,0.046053137833716916,0.12392997396226155,0.13745475486763975,0.0500687786457616,0.0,0.17850550056776388
5.838235294117647,0.5637932742833571,0.21459484736036133,0.28645464860397524,0.0,0.5734251049837831,2.3070152115857443,11.473674689509062,20.634012949922635,0.0,84.07456184172885,129.3187882027666,147.08938666842238,722.3914856092147,0.0,2491.8526492382643,5352.033538236801,5023.065351992585,1487.2241412091234,0.0,46.83442050078557,112.32656446319473,2046.9052826234947,3037.3739905291604,0.0,1613.903585036293,1207.6051702265231,4574.351935890116,3302.943185201071,0.0,5568.875217508363,859.0194689670045,17.371781350585906,7.115789237094852,0.0,14.68023428723139,19.00323344114097,2.3469248952749187,0.821138233027889,0.0,0.8452020773966269,0.9837252370519094,0.3653266907894379,0.07235596685163762,0.05683461176221191,0.0,0.07150880983936851
5.852941176470588,0.6013162239090863,0.9059001040154553,0.5284521110665573,0.0,0.8609144258878536,0.9860966299457807,12.449679577820202,67.94449558138697,0.0,107.70772369541046,90.47988882141335,161.52017924137567,387.2870692358232,0.0,827.153037137737,1583.1202868435994,2284.041090620733,5874.405124017551,0.0,7969.304076279059,6869.3267963226845,1532.181112987529,1179.4927379128444,0.0,5353.34432386094,5739.734061449961,3293.3852394552673,4049.9217751882084,0.0,2118.7206071102673,167.87912274004037,3.338519123620171,0.974286956280149,0.0,2.4632737309517374,5.4704641986693066,1.91046505313804,0.31401897945183666,0.0,0.22527895443845264,0.11830704022486319,0.028327904652966578,0.03377130798756858,0.009673811454592679,0.0,0.05758957678315617
5.867647058823529,1.7543614595783805,1.0585860238246134,0.5811849161984833,0.0,0.5282192662422952,2.010328250894742,6.61612435260206,22.161689221482337,0.0,202.50196629602755,269.03455018010516,66.20371604531734,1296.1438020777941,0.0,1917.6491158881884,1327.1252664468893,1044.967779507264,1965.4899798393594,0.0,1344.3696686034448,3428.4013478508878,3032.1213333780256,583.9364737737735,0.0,4144.030941878056,4654.465967614986,964.5713850622276,1113.843741120849,0.0,508.30588122723157,13.847580903430973,7.975027874414643,4.276941706196581,0.0,0.19536296203271394,0.2460289029095453,1.2450240827857295,1.0234303094233934,0.0,0.22620334369429806,0.4270872098098191,0.42551656286453987,0.09603133594135346,0.16549186722252363,0.0,0.5339355992402848
5.88235294117647,1.396731317091535,2.0423943748308115,1.0389326053689687,0.0,0.8325689527084998,2.250087351514407,10.024901257726322,1.2750171132341794,0.0,18.999154812441077,213.0775546480898,108.06049292674305,149.86620107463477,0.0,514.6198754565685,945.4322192044079,194.0751833349881,2249.0146648393957,0.0,4290.914644055822,5725.212411161614,6233.942379138958,12197.187935654987,0.0,13375.123963328595,3102.769850524289,4195.975723962672,2438.7744609907677,0.0,1416.6841811236616,344.8667733381711,13.317295940497742,20.586220610153912,0.0,9.942868788078822,3.878415042861784,4.2824776492713115,2.5715253321119005,0.0,0.32304599878159557,0.48124567993598455,0.19169710719836447,0.03514393364161238,0.10648002035037131,0.0,0.09771523936135593
5.897058823529411,0.5177537035561912,1.0840221222732118,0.5896566960688507,0.0,0.45626852612361135,0.5254597380238607,2.7158785378600525,43.35242015038964,0.0,165.0483597812768,234.39931317096918,526.5093754919726,290.9022732299951,0.0,898.689568496083,1674.1949433761908,1852.0135945984764,285.8715399025666,0.0,1574.9892682863324,2313.7347545138587,921.6617859997439,905.1444255723645,0.0,1411.091020162792,1816.9076986352056,1852.3535807838475,7589.948342462429,0.0,8400.722872486751,454.69862093635606,28.971854939317005,11.340952207642555,0.0,0.6485568257855507,0.0797750702776307,0.22892899181836313,0.3168247124229111,0.0,0.01378021902388101,0.02880525934347146,0.0040561824287699165,0.1126583583655616,0.4121630389424484,0.0,0.3915355290476827
5.911764705882352,0.14129730438887197,0.2729079248939089,1.1610473159537316,0.0,2.0315342780003016,0.55025784563651,1.4600201957707741,9.658894450257648,0.0,54.178767040308145,90.57536282339557,27.20574655825625,77.27476567497438,0.0,1286.4524674604938,1607.22132192445,637.6030748244376,591.4221562587913,0.0,1451.8857153727186,3869.300058283207,2788.2507419839335,1372.9621763418033,0.0,6617.233626541071,5173.386725214214,6888.14946118461,9241.267365752796,0.0,1002.1590260014452,2620.3427748369786,115.31328226878483,18.515907590018998,0.0,4.522256862780738,0.3033581339034069,0.28947221202428275,0.11557436092018762,0.0,0.0993010542483786,0.14602833063951898,0.25679692216783,0.16199380634250551,0.031913410667148014,0.0,0.39480244649493557
5.9264705882352935,0.7793749101355654,2.6177779093661218,2.071724999213057,0.0,0.7744036613833009,0.9122409072291255,6.299548492086792,69.27987411317493,0.0,87.45935015275421,29.505487405992454,235.7097347846763,462.011344170034,0.0,591.0318970719434,1873.3128115535583,1877.623200145862,402.01401390322155,0.0,972.1779579369163,1145.182927034181,857.3997265641533,663.9221819174702,0.0,3150.3055785426022,2190.6272792798854,1964.170310733618,838.909506371232,0.0,7139.163666171802,5803.295396932748,621.8495811457343,16.790880035126428,0.0,11.836206060621446,8.64133249820011,3.0821492413802107,0.19013455900680265,0.0,0.05045206782635783,0.08213923094340808,0.013898306404090191,0.1754049747676122,0.03595142495828512,0.0,0.13628087928914565
5.9411764705882355,0.7458208468731682,0.8844471705509369,0.40011445810862395,0.0,0.7657465942919908,3.6407288323895868,20.81799841890163,49.081990114667114,0.0,24.393305206589083,180.7588848668922,491.1395579730466,946.9122829280211,0.0,513.1335037908328,661.620926327264,4757.61599050766,4652.148856760849,0.0,890.0435789164717,95.72397930431742,1733.9048869672724,3354.6529314524723,0.0,1120.6411609606425,1040.2802858660204,842.0093405859151,213.5996424847395,0.0,2556.3213955985175,984.3661434232112,76.43659800484323,3.6703409097605926,0.0,0.5282044585520369,0.508601788415997,0.390360115970187,0.233658097363126,0.0,0.08585085329628897,0.23024278547887855,0.16919227724613967,0.027725461473417624,0.028805299556055333,0.0,0.015297211555281593
5.955882352941177,0.9920490452266721,1.145114972188714,2.079716319013741,0.0,5.8201132814937315,2.5069432825705853,2.1585509400935625,17.54505393155243,0.0,44.81234160313127,241.0876370407915,250.20415065688758,5.208876438733715,0.0,270.08528770218334,2412.1229595837035,1251.60177919865,160.44248035434845,0.0,1153.528372260765,912.8582261145787,4052.7773298787656,1031.861444870417,0.0,1308.9123165004526,1113.7267446131673,5279.3754926866395,14135.718149077165,0.0,9244.195959427923,2314.7959641690577,94.3485312969072,17.823007524316306,0.0,11.215298781501936,1.5347486132048562,2.036691880742004,1.4519111059085343,0.0,1.4779570493035143,1.1984921836451892,0.4607774610993418,0.06638092144904859,0.182334454913633,0.0,0.07475140436670948
5.970588235294118,1.7561466016016505,0.7200202118571702,0.6933583718573988,0.0,5.032720750593762,2.9997757023811102,23.92989199924761,205.37661470724362,0.0,482.9948468565724,118.2033870308452,226.69277131099156,192.07280049179144,0.0,335.281552957023,1283.760287674537,1521.333835542585,2657.280257974419,0.0,2806.0457511293953,878.4537930601349,2357.2455418115346,10917.98871293377,0.0,21290.461391879744,19233.52681251345,17514.749430625903,6705.325021626237,0.0,961.8309967483053,64.1977421489583,24.994520219312044,36.92850724815183,0.0,21.902207133670398,1.809346470574122,5.934919764882266,2.684959900279275,0.0,0.022780596272762303,0.5332488760044906,0.7125804259858298,0.8345144371057251,1.0967759871360925,0.0,0.7157887147907519
5.985294117647059,0.7381411614842905,0.851265571812821,0.6410181419795342,0.0,1.1277828019925236,1.0788771669501935,15.982166980601098,19.21736381118461,0.0,194.9062735182987,352.1882377507079,313.93614381803656,51.157413620084434,0.0,39.31084327103026,336.6468385674177,2173.31928967038,953.9210754477914,0.0,5754.788850656123,4989.402774683245,3620.7504158829024,4691.7776370057145,0.0,9533.923956808587,12280.69445670965,14828.4616736481,9339.351404149631,0.0,293.3992545619293,1485.8141073049756,297.33997799175745,5.5584361392226,0.0,26.929753637419758,9.618030993422629,4.330480236902094,1.046927602229099,0.0,0.12921405301473288,0.347445625860542,0.10940183497260961,0.43414445307101074,0.5212093153246653,0.0,0.35799214912256133
6.0,38.422051878284236,44.526582533403214,56.840229437813164,0.0,61.85661606945667,50.95101367608403,77.79567378501868,125.39360060899384,0.0,96.14813614568243,48.96252908296886,46.779159238079046,102.20915988452859,0.0,116.27626155103908,221.9551802722695,1072.7447103124903,2134.876709594924,0.0,1126.6160402393496,308.40300281769504,4428.6271928598235,7444.805622541251,0.0,5141.7395090185155,3735.2782968599236,3501.193542455574,3880.1337311924713,0.0,5164.63355539889,3832.982975367248,1352.4776667787764,440.17393143024896,0.0,257.58161394828585,131.19060718337465,102.76667204133776,100.91808096959811,0.0,79.80905220398688,68.28598676456653,57.457656895925716,43.848003609751984,34.4115844414357,0.0,30.640631464559384
